           1  -128.48573339573167       -128.48573339573164               26  0.231508017    
           2  -128.49569171340906       -128.49569171340892               32  0.241077006    
           3  -126.65386219953518       -128.50922193624768               49  0.255915999    
           4  -126.65977294718991       -128.51479123664538               58  0.267044008    
           5  -126.66183991784322       -128.52374835399419               67  0.278600991    
           6  -126.69580594102219       -128.52504972636584               82  0.289719999    
           7  -126.69718043785601       -128.53969502034076               93  0.302215010    
           8  -126.69894665329511       -128.54341199391791              109  0.314052999    
           9  -126.70076391518209       -128.54354190341598              119  0.326346010    
          10  -126.71182097682906       -128.54716996535913              133  0.339792013    
          11  -126.71879384228650       -128.55148177190333              152  0.353834003    
          12  -126.72139398190404       -128.56088015695485              172  0.367799997    
          13  -126.74315813650880       -128.57279204644104              201  0.385407001    
          14  -126.74853708969027       -128.57566170030228              230  0.403616011    
          15  -126.75739305698451       -128.57674639199715              252  0.422406018    
          16  -126.76177781210177       -128.58498741783683              284  0.441855997    
          17  -126.76546870592412       -128.59381001999989              307  0.463237017    
          18  -126.77131396200907       -128.59723454944299              334  0.485515028    
          19  -126.77333438336849       -128.59998224122262              365  0.508916974    
          20  -126.77563871824100       -128.60072749533688              366  0.534505963    
          21  -126.77887265058312       -128.60458530836596              397  0.565360963    
          22  -126.78071097114486       -128.60664816087919              424  0.597893953    
          23  -126.78417628531086       -128.61041290236309              460  0.625819981    
          24  -126.78625154634540       -128.61256942881766              483  0.660786986    
          25  -126.78897963904750       -128.61383074748534              507  0.690770984    
          26  -126.79077297882186       -128.61572137816029              529  0.720662951    
          27  -126.79398246391654       -128.61762150149644              561  0.756588995    
          28  -126.79521889052030       -128.61839716418424              581  0.794725001    
          29  -126.79591487544876       -128.61962787089615              599  0.837816000    
          30  -126.80007263052312       -128.61973219609470              606  0.880900979    
          31  -126.80103283047600       -128.62015198878015              625  0.927266955    
          32  -126.80324138100650       -128.62311460655232              649  0.968055010    
          33  -126.80433662403840       -128.62310220956795              661   1.00687397    
          34  -126.80499642284654       -128.62430467023424              679   1.05601501    
          35  -126.80587323552618       -128.62426678199193              691   1.10167491    
          36  -126.80657555136928       -128.62455858887512              700   1.14524996    
          37  -126.80760364104491       -128.62511100426030              714   1.19407296    
          38  -126.80844119410425       -128.62518897498467              723   1.23886096    
          39  -126.80884368673233       -128.62526308415238              731   1.28559697    
          40  -126.80978002335218       -128.62527575018493              719   1.33724797    
          41  -126.80990377767986       -128.62531188315634              725   1.39443791    
          42  -126.81005133333343       -128.62537043684694              732   1.44562197    
          43  -126.81116830724839       -128.62540778824118              739   1.49642897    
          44  -126.81172258554510       -128.62542653560902              746   1.55001605    
          45  -126.81197460762957       -128.62628043222060              753   1.60484302    
          46  -126.81209006323856       -128.62626290833589              756   1.65943897    
          47  -126.81234269912370       -128.62625975132715              761   1.71077597    
          48  -126.81268124442173       -128.62689009950779              767   1.76458991    
          49  -126.81286700487820       -128.62695832761617              775   1.81829500    
          50  -126.81310779961480       -128.62712130304121              769   1.87299001    
          51  -126.81305120390785       -128.62713567023434              771   1.93290102    
          52  -126.81306880660962       -128.62717835335042              776   1.98744380    
          53  -126.81327921773199       -128.62716542665123              780   2.04242706    
          54  -126.81325292743900       -128.62716783354546              785   2.09563494    
          55  -126.81326591073451       -128.62717911651441              785   2.14951515    
          56  -126.81332738962638       -128.62714699110896              788   2.20413017    
          57  -126.81332644464823       -128.62715162539308              790   2.25776410    
          58  -126.81343102785711       -128.62717063979292              791   2.31286001    
          59  -126.81354142391071       -128.62720759250399              796   2.38140416    
          60  -126.81387995356798       -128.62717784902998              785   2.45899820    
          61  -126.81377733421823       -128.62722921460087              786   2.52269697    
          62  -126.81384154789514       -128.62722044841681              789   2.57682514    
          63  -126.81390665355482       -128.62718494007694              791   2.63095903    
          64  -126.81397590250454       -128.62715907930820              792   2.68360209    
          65  -126.81397925108672       -128.62723031162881              792   2.73896503    
          66  -126.81385724378895       -128.62720087821612              792   2.79269814    
          67  -126.81398928462144       -128.62721425038998              794   2.84641695    
          68  -126.81397627953362       -128.62721265643398              795   2.89939213    
          69  -126.81389736493216       -128.62727038433042              796   2.95290112    
          70  -126.81402532286285       -128.62724660086985              791   3.00811195    
          71  -126.81390481129769       -128.62722335155524              792   3.05779910    
          72  -126.81391714987031       -128.62720865594372              792   3.11125708    
          73  -126.81399769223850       -128.62725149700157              792   3.15345907    
          74  -126.81404201966360       -128.62721789282367              793   3.20784807    
          75  -126.81394075383230       -128.62725533192645              793   3.26318121    
          76  -126.81399932711351       -128.62725268979159              794   3.31556916    
          77  -126.81395872729870       -128.62722265990206              794   3.36735106    
          78  -126.81392044378282       -128.62723458695720              794   3.42091608    
          79  -126.81402870028896       -128.62722235390788              794   3.47630119    
          80  -126.81414065996755       -128.62720294987787              792   3.52061915    
          81  -126.81420882018243       -128.62720975943247              792   3.57429814    
          82  -126.81410200926169       -128.62725865540412              792   3.62839222    
          83  -126.81419791906517       -128.62722759306496              792   3.67980504    
          84  -126.81423333072125       -128.62727656306356              793   3.73481703    
          85  -126.81419227556229       -128.62726199747860              793   3.79087901    
          86  -126.81420829435420       -128.62724273342607              793   3.84315014    
          87  -126.81424911362771       -128.62721172826340              794   3.89758301    
          88  -126.81412529604552       -128.62718989253585              794   3.95309401    
          89  -126.81419953932564       -128.62725382258165              795   3.99916410    
          90  -126.81417100287091       -128.62724887905091              793   4.05078506    
          91  -126.81422753920918       -128.62725396990587              793   4.10582495    
          92  -126.81419390591289       -128.62726035037224              794   4.16104317    
          93  -126.81413163204145       -128.62724435039249              794   4.21468210    
          94  -126.81429144648833       -128.62719289136228              796   4.26900721    
          95  -126.81416813233331       -128.62721056096271              796   4.32073402    
          96  -126.81415707907082       -128.62725758452564              796   4.37311792    
          97  -126.81418735375108       -128.62727921428498              796   4.42619801    
          98  -126.81425964405346       -128.62725713954191              796   4.47912407    
          99  -126.81419646693334       -128.62730575478412              796   4.53273726    
         100  -126.81415103951556       -128.62723656470783              794   4.58636808    
         101  -126.81417390448678       -128.62726003452497              794   4.64015007    
         102  -126.81377464076409       -128.62706714130485              794   4.66564322    
         103  -126.81409008984340       -128.62719172902362              794   4.72035027    
