     1  -0.96562156289081513E+00          351          351
     2   0.10952101694250734E-01          319          319
     3   0.13176979022139199E-01          375          375
     4  -0.48816895881068349E-01          351          415
     5   0.53482385128818394E-01          463          471
     6  -0.22576628605672799E-02          351          445
     7  -0.48814568773995287E-01          351          607
     8   0.24362998614648096E+00          351          671
     9  -0.95518351737185703E-01          351          623
    10   0.10184079395103664E-01          351          375
    11  -0.23578617028582730E-01          351          367
    12  -0.62994213288017145E-01          351          631
    13   0.18434973500073357E+00          223          799
    14  -0.43392312422804030E-01          127          855
    15  -0.34612185650082630E-01          127          847
    16  -0.20963080514237445E-02          847          861
    17  -0.34612264292369042E-01          319          463
    18   0.78971202363242468E-01          319          475
    19  -0.22573446678071539E-02          351          637
    20   0.75394090282089862E-01          351          635
    21  -0.62993683607786774E-01          351          439
    22  -0.95518481846944059E-01          351          431
    23   0.10081080687721287E+00          607          607
    24   0.78971149280775782E-01          127          859
    25   0.75394172899469175E-01          351          443
    26  -0.63647886054901855E-03          319          575
    27   0.20267968906042479E-02          367          623
    28  -0.20324827767595356E-02          439          439
    29   0.10081097474882265E+00          415          415
    30   0.10903001593103888E-01          127          919
    31   0.59955086507141068E-02          415          439
    32  -0.95747007461479750E-03          859          861
    33   0.15679415251607307E-01          351          687
    34   0.51739848120648272E-02          367          631
    35   0.93901979338657342E-02          415          431
    36  -0.59396959566572951E-02          607          635
    37   0.90892213073291254E-02          319          719
    38  -0.23251867213373765E-02          855          883
    39  -0.10419361066483652E-01          223          827
    40  -0.27370140752207444E-02          367          443
    41   0.95561267652209108E-02          351          695
    42   0.18694005289465864E-01          375          379
    43  -0.43391760645489948E-01          319          471
    44  -0.12932247771014130E-01          575          731
    45  -0.50645136239158960E-02          375          695
    46   0.58131682482548469E-02          319          727
    47   0.14039495194182786E-02          431          439
    48  -0.11923992964037739E-02          575          575
    49   0.17244863333820786E-01          223          815
    50  -0.15000640129778375E-01          127          923
    51  -0.98149489248115385E-02          351          699
    52  -0.13583932162962177E-01          847          859
    53  -0.52096995738207313E-02          191          859
    54   0.20268713116573978E-02          367          431
    55  -0.32235503069360156E-02          247          823
    56   0.16458345221541260E-02          855          861
    57  -0.96664183714953499E-03          379          443
    58  -0.59396275183359526E-02          415          443
    59  -0.75987185314966774E-03          375          635
    60  -0.16712921068815566E-02          847          883
    61   0.51739654719114717E-02          367          439
    62   0.53481639007636673E-01          847          855
    63   0.81640173649239131E-02          191          919
    64  -0.18905108871120119E-02          367          381
    65  -0.13820377633425085E-01          127          939
    66  -0.27370758660424572E-02          367          635
    67  -0.12932273918718271E-01          191          923
    68  -0.87699598953913324E-03          319          499
    69   0.81641342077955967E-02          575          727
    70  -0.32917601582125419E-02          631          635
    71   0.22109307055335210E-01          415          687
    72   0.27351368449602263E-02          319          487
    73   0.60661207897228897E-01          463          463
    74   0.23672668038504725E-02          439          699
    75  -0.79170390090939017E-02          239          827
    76  -0.17181069971063386E-01          607          699
    77  -0.48296716223566330E-02          431          431
    78   0.42511799483852400E-02          239          823
    79  -0.83498143794253077E-02          367          375
    80   0.17711661428948668E-01          127          911
    81   0.90929163112389209E-03          855          871
    82   0.22109254233054085E-01          607          687
    83   0.18621233211768624E-03          381          637
    84   0.20832645769093390E-01          379          379
    85  -0.12276329622413701E-02          463          755
    86  -0.20324754007220816E-02          631          631
    87  -0.14692555855553961E-02          719          747
    88  -0.96668271374491220E-03          379          635
    89  -0.20953087662165786E-02          463          477
    90   0.86224143980748024E-02          191          847
    91  -0.11080592975669849E-02          375          439
    92  -0.32917627848494525E-02          439          443
    93  -0.17181115776458152E-01          415          699
    94   0.51670945177504498E-02          463          491
    95  -0.23252488368015311E-02          471          499
    96  -0.75834268118023726E-02          239          815
    97   0.90584666622489894E-02          367          695
    98   0.52394585658877280E-02          223          979
    99  -0.15179763278728507E-02          859          923
   100  -0.39333686661540846E-02          431          443
   101   0.10179392333872998E-01          223          823
   102  -0.12619337504051044E-02          491          499
   103  -0.35884285965976140E-02          319          491
   104  -0.31759330190691314E-02          443          443
   105   0.57096771484657759E-02          671          699
   106  -0.98618552007980632E-02          319          747
   107   0.91336061954646157E-02          191          911
   108   0.78384895808133112E-02          127          935
   109  -0.11924061479297232E-02          191          191
   110   0.21979239084858299E-01          367          379
   111   0.36311685699992506E-02          431          699
   112  -0.82952450053066472E-02          379          699
   113  -0.87701276969195290E-03          127          883
   114   0.57128981911792522E-02          319          743
   115   0.11269940269946384E-02          687          687
   116   0.13814577347837030E-01          607          695
   117   0.91642395973294492E-02          799          967
   118   0.93902968977585786E-02          607          623
   119  -0.23237123379001887E-01          607          671
   120   0.26421071909419596E-02          191          939
   121  -0.63645675015725335E-03          127          191
   122  -0.30637973087501405E-02          471          727
   123  -0.39333562330772162E-02          623          635
   124   0.51670365697193228E-02          847          875
   125   0.24522876933036827E-01          367          367
   126   0.35110605365812619E-02          855          935
   127  -0.11081288226783836E-02          375          631
   128   0.33433079488528689E-02          823          971
   129  -0.50778748392001386E-02          855          859
   130   0.91674331750613465E-02          223          967
   131  -0.72962403921461895E-02          847          923
   132   0.18830008267202293E-02          635          699
   133  -0.73277635332608983E-03          871          883
   134   0.40587212994707498E-02          239          967
   135  -0.75981351226031828E-03          375          443
   136   0.31232675754669918E-01          471          471
   137  -0.39721371005306256E-03          847          925
   138   0.23672855345407708E-02          631          699
   139  -0.20839585943510357E-02          871          871
   140  -0.31759255898179684E-02          635          635
   141  -0.10061578942689269E-01          375          699
   142   0.14039486072337335E-02          623          631
   143   0.17712843022144960E-02          911          923
   144   0.27351193904872708E-02          127          871
   145  -0.35957958670021534E-02          623          695
   146  -0.78852440362178859E-02          847          871
   147  -0.63136426299968138E-02          247          827
   148  -0.50818428469682859E-02          799          971
   149   0.50895650447113179E-02          191          855
   150  -0.29558163737090188E-04          475          491
   151   0.21255872530804637E-02          191          871
   152   0.17941899387983354E-02          823          967
   153   0.35107601104470273E-02          471          743
   154   0.14875209639631855E-02          575          755
   155  -0.23236856167873885E-01          415          671
   156  -0.58589120301215970E-02          319          755
   157   0.18963899624736954E-02          475          499
   158  -0.73279030765390884E-03          487          499
   159   0.17940847634551063E-02          247          967
   160   0.26421117765461589E-02          575          747
   161  -0.84298968952276933E-02          719          719
   162  -0.18357539878538786E-02          871          875
   163   0.13529311243474320E-02          799          995
   164   0.35230731570060013E-02          855          939
   165  -0.31568204090041711E-02          191          883
   166   0.22150707174217146E-01          463          719
   167   0.14875163335590659E-02          191          947
   168  -0.17764220457379546E-02          247          979
   169   0.24282414745655084E-03          247          995
   170  -0.90157344963384504E-02          127          947
   171  -0.71943254402642536E-03          239          247
   172  -0.16713462760842791E-02          463          499
   173  -0.48296645981312364E-02          623          623
   174   0.44367407950745246E-03          719          755
   175  -0.76777459443662299E-02          671          687
   176  -0.75773816230379171E-03          491          747
   177  -0.24668477503254137E-02          727          727
   178   0.13814486637642800E-01          415          695
   179  -0.51272172059371279E-03          923          923
   180   0.18829979523309231E-02          443          699
   181  -0.12962762774343410E-02          471          755
   182   0.12987761600297034E-02          431          687
   183   0.24443723311939636E-03          487          755
   184   0.11950343842689016E-02          381          381
   185  -0.45437838634190917E-03          799          973
   186   0.90947864553789931E-03          471          487
   187  -0.24248296724999576E-03          463          493
   188   0.69103115136440307E-02          463          743
   189  -0.21692714049752370E-03          919          935
   190   0.91335749336175377E-02          575          719
   191  -0.35884538653091435E-02          127          875
   192   0.35226319896444537E-02          471          747
   193  -0.68234706295662985E-03          499          499
   194   0.59955896896091562E-02          607          631
   195  -0.68335017845325419E-02          855          875
   196  -0.18357856452106626E-02          487          491
   197  -0.13584073318810872E-01          463          475
   198  -0.49248787475987292E-02          463          747
   199  -0.97909755001667088E-02          319          731
   200  -0.10817280745442871E-02          919          923
   201   0.25929701975241706E-02          967          971
   202   0.18066424854059033E-01          847          919
   203  -0.15180028878273313E-02          475          731
   204   0.12184459635919416E-02          919          939
   205  -0.15799407949364866E-02          971          979
   206   0.87678380676988361E-02          475          475
   207  -0.68334515427454310E-02          471          491
   208  -0.72955203329239399E-02          463          731
   209   0.36311788065626501E-02          623          699
   210   0.13527403487527791E-02          223          995
   211   0.32375405217749208E-03          499          755
   212   0.12987894876447790E-02          623          687
   213   0.90825212560370280E-02          471          731
   214  -0.15484394803154979E-02          971          971
   215  -0.78852842950746203E-02          463          487
   216  -0.35958000424271015E-02          431          695
   217  -0.14308031853478101E-01          367          699
   218   0.18068041834807640E-01          463          727
   219  -0.41821952492184948E-03          247          247
   220  -0.54586208767249734E-03          491          755
   221  -0.84299022223067715E-02          911          911
   222   0.17712342738996508E-02          719          731
   223  -0.39783661139602478E-03          463          733
   224   0.51105236908800973E-03          827          971
   225  -0.17764478362180976E-02          239          979
   226  -0.10258728104447171E-03          475          755
   227  -0.10816195434244732E-02          727          731
   228  -0.20367834537585723E-02          575          743
   229  -0.15659627290732430E-01          671          671
   230  -0.20368006044969877E-02          191          935
   231   0.14456342326995663E-02          631          695
   232   0.54227565467296042E-03          727          755
   233   0.39087979957601874E-03          747          747
   234  -0.14692565119442604E-02          911          939
   235   0.51832086779489742E-03          475          747
   236   0.33431465802833101E-02          247          971
   237  -0.55681465455527275E-02          239          971
   238  -0.39487081337547161E-02          967          967
   239  -0.77864311056787486E-02          911          919
   240   0.14456151156554170E-02          439          695
   241  -0.50815657334789457E-02          223          971
   242  -0.55681517108614742E-02          815          971
   243   0.12185466917138919E-02          727          747
   244   0.69099636591002378E-02          847          935
   245  -0.11337309834233835E-01          367          687
   246  -0.32752473141860509E-03          251          995
   247  -0.24668357513723000E-02          919          919
   248   0.16457760287807393E-02          471          477
   249   0.17303051200592159E-03          731          747
   250  -0.45455986102449616E-03          223          973
   251   0.31231955082232785E-01          855          855
   252  -0.21682952049968546E-03          727          743
   253  -0.58289614120552048E-02          251          827
   254   0.51103345764740048E-03          251          971
   255   0.52398568953747034E-02          799          979
   256   0.10952094894060568E-01          127          127
   257   0.22150412719867910E-01          847          911
   258  -0.17763458073066639E-02          815          979
   259  -0.16841469090559369E-02          871          939
   260   0.40582993290542808E-02          815          967
   261   0.12602336048384545E-03          471          493
   262  -0.68233990602647174E-03          883          883
   263  -0.50770776528115350E-02          471          475
   264   0.20855655642899886E-02          967          979
   265  -0.38243351798273071E-03          871          935
   266  -0.30655175048699464E-02          855          919
   267   0.51835530516127599E-03          859          939
   268   0.90814489289174193E-02          855          923
   269  -0.93248113251365205E-03          815          995
   270   0.77415827563595519E-03          223          239
   271  -0.95667820715776455E-03          475          477
   272   0.53961960814630488E-03          477          477
   273  -0.39585159137857260E-02          191          875
   274  -0.12963602554137141E-02          855          947
   275   0.26048981956762581E-04          251          979
   276  -0.16083718028119006E-03          367          637
   277  -0.16841869848452475E-02          487          747
   278   0.32377359506451217E-03          883          947
   279   0.49284050478610303E-03          935          935
   280   0.90615297444375650E-03          799          823
   281  -0.93246628018759975E-03          239          995
   282  -0.12275548692579669E-02          847          947
   283   0.77406467341631510E-03          799          815
   284  -0.77865756177360008E-02          719          727
   285  -0.29516054675277174E-04          859          875
   286   0.68737665765117339E-03          743          747
   287  -0.17764203829202805E-02          823          979
   288  -0.17137416550660220E-02          491          491
   289  -0.71944687943988029E-03          815          823
   290  -0.38246536372311387E-03          487          743
   291   0.14219547095808407E-02          719          743
   292  -0.51935562711995890E-02          671          695
   293   0.90591500793359581E-03          223          247
   294   0.18964417257806227E-02          859          883
   295  -0.20839769761207810E-02          487          487
   296   0.49284588841752759E-03          743          743
   297  -0.51271573665542358E-03          731          731
   298   0.87678126163220193E-02          859          859
   299   0.14219254001174933E-02          911          935
   300  -0.75773792862998863E-03          875          939
   301  -0.10403754251135159E-02          239          239
   302   0.86122993547846048E-02          223          223
   303  -0.75770540808997968E-03          223          251
   304   0.18621675612244618E-03          381          445
   305  -0.17137358965938173E-02          875          875
   306  -0.12619128781361912E-02          875          883
   307   0.86116269432824494E-02          799          799
   308   0.60661186996457027E-01          847          847
   309  -0.32745313270215223E-03          827          995
   310   0.12699216780775950E-03          855          877
   311   0.39088309573780892E-03          939          939
   312  -0.10403563640980491E-02          815          815
   313   0.24448023012883666E-03          871          947
   314   0.44365242693445860E-03          911          947
   315  -0.41820130143867859E-03          823          823
   316   0.24286355841562427E-03          823          995
   317   0.53961534061417989E-03          861          861
   318  -0.16084417761359158E-03          367          445
   319  -0.49249297884486109E-02          847          939
   320   0.17304305362018802E-03          923          939
   321   0.54231113347207526E-03          919          947
   322  -0.75765331616255789E-03          799          827
   323   0.68737393113341529E-03          935          939
   324  -0.10261760971307187E-03          859          947
   325   0.26012584363911584E-04          827          979
   326  -0.54581885960455594E-03          875          947
   327  -0.24244548583296041E-03          847          877
   328   0.12554094240350210E-03          855          925
