Index     1
Atoms
 C   6.0   0.08542425  -0.04334110   0.08864179  12.00000000   0.00047205   0.00020426   0.00004395
 C   6.0   2.93380528  -0.00427643   0.06995939  12.00000000   0.00032020  -0.00031207   0.00028939
 C   6.0   3.98873385   0.07429161   2.59454699  12.00000000  -0.00028929   0.00086933  -0.00052594
 C   6.0   2.71632739  -1.01692958   4.52894856  12.00000000   0.00001783  -0.00065296   0.00041306
 C   6.0   0.17271377  -2.12963695   4.06844765  12.00000000  -0.00001888  -0.00016704  -0.00029360
 C   6.0  -1.07438044  -1.85636328   1.96835892  12.00000000  -0.00027362   0.00005497   0.00050663
 H   1.0  -0.36105039  -0.48653124  -1.79799668   1.00782500  -0.00476159  -0.00114843  -0.00597930
 H   1.0   3.27985229   1.64776864  -1.03562589   1.00782500   0.00059292  -0.00057874   0.00026530
 H   1.0  -0.28620936   1.85025054   0.71052728   1.00782500  -0.00013357   0.00009140  -0.00041262
 H   1.0   3.67666765  -1.39571972  -1.36572562   1.00782500  -0.00156783   0.00067861   0.00036546
 H   1.0  -2.87829431  -2.52548187   1.76648543   1.00782500   0.00183767  -0.00077010   0.00136795
 H   1.0   6.03406368   0.17922664   2.63190259   1.00782500   0.00224140  -0.00016637   0.00188822
 H   1.0  -0.64496652  -3.28757802   5.67460427   1.00782500   0.00084281   0.00273196  -0.00100740
 H   1.0   3.35907516  -1.44435985   6.19525182   1.00782500  -0.00177013  -0.00079645  -0.00164907
States
Ekin        0.115921921776 a.u.
Epot_harm   0.052248313857 a.u.
Epot        0.052248313857 a.u.
Etot_harm   0.168170235633 a.u.
Etot        0.168170235633 a.u.

