INITIAL Q AND P
  9.0505341223662725D+00  2.2466726269579122D-02
 -2.4810205643937335D+00  2.0521718333964937D-02
 -1.8672577243262014D+00  3.4821995108494024D-05
 -2.4035815854268945D+00 -2.0188130562871224D-02
  5.0165855102959123D+00 -3.4072097169322593D-02
  1.1244039591747830D+00 -2.2370344436464544D-03
  1.4665557789360129D+00 -4.9204097769334931D-02
 -2.1139986769648216D+00  6.5106769891060137D-02
 -2.5076990037605036D+00  6.5524504145451452D-03
 -1.6393518156090046D+01 -4.1563043475457605D-02
 -4.7282048031215629D+00  1.3542029346442147D-01
  3.7898686538930506D+00  3.8687630184932972D-02
 -1.6441259947383621D+01 -2.9494793008951223D-02
  2.1871444507613393D+00  1.2924295985467396D-01
  6.5947308727435310D+00  3.6557628545088837D-02
  8.4228685956143323D+00  2.6643488409859011D-02
 -4.0977416628397387D+00  2.2696121411621925D-01
 -5.3125612226109835D+00  8.6824520543892780D-03

THE ORIGIN OF COORDINATE Q0 (in Lab frame)
  1.8811493846180090E+02
 -0.0000000000000000E+00
  0.0000000000000000E+00
 -1.8811493846180090E+02
 -0.0000000000000000E+00
  0.0000000000000000E+00
  1.0092189660951483E+02
  7.5633360833154100E+01
  0.0000000000000000E+00
 -1.0092189660951483E+02
  7.5633360833154100E+01
  0.0000000000000000E+00
  1.0092189660951483E+02
 -7.5633360833154100E+01
  0.0000000000000000E+00
 -1.0092189660951483E+02
 -7.5633360833154100E+01
  0.0000000000000000E+00
