SHARC Initial conditions file, version 3.0
Ninit     1
Natom     6
Repr      None
Temp            0.0000000000
Eref            0.0000000000
Eharm           0.0559025053

Equilibrium
 C   6.0   1.26969816  -0.00000000   0.00000000  12.00000000   0.00000000   0.00000000   0.00000000
 C   6.0  -1.26969816   0.00000000   0.00000000  12.00000000   0.00000000   0.00000000   0.00000000
 H   1.0   2.33745764   1.74578093   0.00000000   1.00782500   0.00000000   0.00000000   0.00000000
 H   1.0  -2.33745764   1.74578093   0.00000000   1.00782500   0.00000000   0.00000000   0.00000000
 H   1.0   2.33745764  -1.74578093   0.00000000   1.00782500   0.00000000   0.00000000   0.00000000
 H   1.0  -2.33745764  -1.74578093   0.00000000   1.00782500   0.00000000   0.00000000   0.00000000


Index     1
Atoms
 C   6.0   1.28047866   0.03749991  -0.02122149  12.00000000   0.00027120  -0.00015754  -0.00011089
 C   6.0  -1.28363837   0.00374041   0.00616829  12.00000000  -0.00012215   0.00007237  -0.00007146
 H   1.0   2.56651159   1.70244361  -0.03926240   1.00782500  -0.00015742  -0.00056083  -0.00048025
 H   1.0  -2.41253933   1.69207402   0.12888033   1.00782500  -0.00150292  -0.00000153   0.00175884
 H   1.0   2.16922003  -1.95627774   0.21752648   1.00782500  -0.00057780   0.00136654   0.00172049
 H   1.0  -2.28557020  -1.92928131  -0.12790855   1.00782500   0.00046348   0.00021000  -0.00082793
States
Ekin        0.012575092644 a.u.
Epot_harm   0.015099600181 a.u.
Epot        0.015099600181 a.u.
Etot_harm   0.027674692825 a.u.
Etot        0.027674692825 a.u.


