     1   0.96947117246882897E+00         4097         4097
     2  -0.16657363355563810E-02           17           33
     3  -0.12522138323938269E-01         4104         4097
     4   0.29294259582569771E-02        16385         4097
     5  -0.32940670252612735E-02         4112         4097
     6  -0.10727619444599934E-01         4097         8208
     7  -0.20586815575587007E-02         4097        16416
     8  -0.37537114597311115E-02        16388         4097
     9   0.18928996934227348E-01         4104         8193
    10   0.77693544722385764E-03         4097        32769
    11   0.41876096491987591E-02       528384       135168
    12   0.12995775103566523E-01         8193         4097
    13   0.10925587820581442E-01         4097         4100
    14   0.12522026169963223E-01         4097         4104
    15   0.54702974031154957E-02         8200         4097
    16  -0.53580398471707322E-02           17            5
    17  -0.25142862438129175E-02          129       528384
    18  -0.10925445639280541E-01         4100         4097
    19  -0.59378888728424013E-02         4097        16386
    20  -0.38252182723354090E-02           33        36864
    21  -0.59469814666596836E-02         4160       131073
    22   0.16299034860292306E-02         4097         2560
    23   0.80049223395428637E-03        32800         4097
    24  -0.12922769327369363E-02       262272         4097
    25  -0.38252174418264011E-02        36864           33
    26  -0.35616843240988899E-02       524352         4097
    27  -0.70965062067972146E-02         1536         4097
    28   0.14889970629396888E-01        65600         4097
    29   0.36820542305005519E-03          129       135168
    30  -0.11146029929063153E-01         4608         1025
    31  -0.23411395572284544E-01         4098         4097
    32   0.32939678846709772E-02         4097         4112
    33   0.41045562945055190E-03         4097       524416
    34  -0.92747040712479641E-02         4097       131136
    35   0.24248388662660256E-01            3           17
    36  -0.77689574953790450E-03        32769         4097
    37   0.30914809660613400E-02         4112         8193
    38   0.28569758406500612E-03       528384       266240
    39   0.12108892262477000E-02         8224         4097
    40   0.12108874895377405E-02         4097         8224
    41  -0.24607481218321494E-02         4224       262145
    42   0.22740865940441865E-02        32772         4097
    43   0.77787317534119826E-03        32769         4098
    44   0.11968141136178623E-02         4097       262208
    45   0.14443361922159611E-02         4097         4128
    46   0.67630118167681229E-03        32776         4097
    47  -0.44660203476701958E-02       528384        69632
    48   0.81274282338147947E-02       524289        65537
    49  -0.29298123226444810E-02         4097        16385
    50   0.20090964402018560E-02        12288        20480
    51   0.30477334139091582E-02        16400         4097
    52  -0.24594301160357551E-02           17        36864
    53  -0.43951370599669476E-02         4097        32784
    54  -0.59713721605559756E-02        65537        65537
    55  -0.12996270779767243E-01         4097         8193
    56  -0.47087232737314579E-03         4112         4104
    57  -0.12922542443595155E-02         4097       262272
    58  -0.55401400001547987E-02        12288        36864
    59   0.11968537774288189E-02       262208         4097
    60  -0.35626983310479057E-02         4097       524352
    61  -0.12849641479193383E-01         1025         1025
    62  -0.43951609379077232E-02        32784         4097
    63   0.67628765013183598E-03         4097        32776
    64   0.16657320135855479E-02           33           17
    65  -0.17107831076202554E-02         5120         6144
    66   0.30489894223584874E-02         4097        16400
    67   0.80047925306774633E-03         4097        32800
    68   0.54703406478542457E-02         4097         8200
    69   0.51626052009539070E-02            5            9
    70   0.15225500945001658E-01           65       135168
    71   0.56213978810941336E-02         4097         8194
    72  -0.14443546150996155E-02         4128         4097
    73  -0.44732122744355930E-02       528384       528384
    74  -0.12036751516358613E+00        69632        69632
    75  -0.25222478145894532E-01       135168       135168
    76  -0.41876289902269999E-02       135168       528384
    77  -0.65832738004169764E-02         4097        16392
    78  -0.10727648156160808E-01         8208         4097
    79   0.91181685777534278E-02           65       266240
    80   0.15932542942032550E-01         4097         8196
    81   0.14889643467138822E-01         4097        65600
    82  -0.65818539356437651E-02        16392         4097
    83  -0.92748978716573720E-02       131136         4097
    84  -0.37544936153700147E-02         4097        16388
    85   0.30221566774315104E-02        32769         4128
    86   0.52346042889868480E-03        65664         4097
    87  -0.36389214932860707E-02         4128         4128
    88  -0.74223204365350933E-02         4608         2049
    89   0.48961275521917716E-02       131073        65537
    90   0.12774968898980535E-01         8193         4098
    91  -0.28588369524277000E-03       266240       528384
    92   0.52347879448629638E-03         4097        65664
    93  -0.74800885401917036E-03            3           33
    94  -0.59364502294553629E-02        16386         4097
    95  -0.24607292680428054E-02       262145         4224
    96   0.23412758769805378E-01         4097         4098
    97   0.22740993773615217E-02         4097        32772
    98   0.95115579541429334E-02         4104        16385
    99   0.21052443234906592E-02       524289         4224
   100  -0.19646420224728720E-01          513          513
   101   0.15932668830841878E-01         8196         4097
   102  -0.70965036947022069E-02         4097         1536
   103  -0.44704329788286829E-02         4104         4128
   104   0.95126220338189217E-02        16385         4104
   105   0.18928181231679442E-01         8193         4104
   106   0.41003796540499426E-03       524416         4097
   107  -0.18401390799736621E-01            3        12288
   108  -0.41551964535920171E-02       524289       524289
   109   0.16299051455473611E-02         2560         4097
   110  -0.26050833782905254E-02           65       528384
   111  -0.26388853553213985E-01         8193         4100
   112   0.46949348979730531E-02        20480           17
   113  -0.29184158578388518E-02            9        20480
   114  -0.10561167553734173E-01         4098         4104
   115   0.15225425820517551E-01       135168           65
   116   0.16584178388997929E-01            9           17
   117   0.51615241453683014E-02        36864            5
   118   0.61693740958665925E-02       524289         4160
   119  -0.60768415540395741E-02           33        12288
   120  -0.19848748901531311E-02        69632          129
   121  -0.29192004156215717E-02        20480            9
   122  -0.24414366517651422E-01            9        12288
   123   0.65478859530253980E-02        16385         4100
   124  -0.53394845578790366E-01         8193         8193
   125   0.10561597303663219E-01         4104         4098
   126   0.78039905287973464E-02        32769         8193
   127  -0.40576684765618190E-02        36864            9
   128   0.48692358474405851E-02         4128         8193
   129   0.20595449202297236E-01         4160        65537
   130   0.40826744257929558E-01            9            3
   131  -0.87984831504775776E-02         1025         2049
   132   0.54375493902777345E-02       262145       524289
   133   0.56608774544756662E-02          129           65
   134  -0.40827563022703739E-01            3            9
   135  -0.24247829746883099E-01           17            3
   136  -0.13011200215309391E-01       262145        65537
   137  -0.15835502756630968E-01         4104         4104
   138   0.61700482698845305E-02         4160       524289
   139  -0.20583327481060484E-02        16416         4097
   140  -0.66600665458796133E-02        20480        20480
   141  -0.33260355031917932E-01            9            9
   142   0.56218625683914399E-02         8194         4097
   143   0.32747548864661769E-02        16385        32769
   144  -0.91583104537126449E-02        16385        16385
   145  -0.16584341982522892E-01           17            9
   146   0.37601584401977259E-02       266240          129
   147  -0.51628633670307350E-02            9            5
   148  -0.20083860425864227E-02        20480        12288
   149  -0.36169966262038300E-02         6144         6144
   150  -0.10437563725400004E-01         4112         4100
   151  -0.27933397216444197E-02            5        20480
   152   0.47107979166203070E-03         4104         4112
   153   0.57870440725836161E-02          513         6144
   154  -0.14304609917446793E-01         4112         4112
   155  -0.59469704245450920E-02       131073         4160
   156  -0.60767562597825444E-02        12288           33
   157   0.10444201030856262E-01            5        12288
   158  -0.74223299234216205E-02         2049         4608
   159   0.13011303504128352E-01        65537       262145
   160  -0.22909333644282000E-01            5            5
   161  -0.22112016890996752E-02       524289       131073
   162  -0.23327415884616079E-01         5120         5120
   163   0.10444328022528400E-01        12288            5
   164   0.18007117185494595E-01            5            3
   165   0.63174869859666577E-03         4100         4128
   166  -0.10307255139698339E-01       262145         4160
   167   0.18253679529955519E-01          513         5120
   168   0.11198044540349273E-01         4098        16385
   169   0.76360873525509777E-02        12288           17
   170  -0.10568168650802208E-01       266240        69632
   171   0.30221532576562554E-02         4128        32769
   172  -0.83994810239750787E-03         4112         4098
   173  -0.70136818518782261E-03         8200         8193
   174   0.78019383661600238E-03        24576        12288
   175  -0.77348468717661273E-02        16385         4112
   176   0.40146197564598803E-03         8208        16385
   177   0.65483882803176862E-02         4100        16385
   178   0.35186932806258945E-03        32832        65537
   179   0.75026055641084447E-03        81920       528384
   180  -0.39780668357401625E-03           17       589824
   181  -0.35499075884673166E-01           65        69632
   182  -0.59265432638111347E-02         2049         2049
   183   0.44654877270881169E-02        69632       528384
   184  -0.69564653026005523E-03            9           20
   185   0.24085912297687820E-03            9       393216
   186   0.33054039037616148E-02         4100         4104
   187  -0.23731228999249258E-03        65544         4224
   188   0.10151651429088986E-02            6            9
   189   0.58445439811423666E-03        16448         4160
   190   0.21563083330584666E-03         4128         8194
   191   0.30748857951571159E-03         4160        65552
   192  -0.46257251620549297E-03           33           24
   193   0.54605068187632934E-03       135168       540672
   194  -0.24599381528415465E-03         8224         4104
   195   0.27463651712984977E-03         8196        65600
   196  -0.80996802012119534E-01            3            3
   197   0.31189971846482944E-03         8208        32769
   198   0.28159705236831945E-03          513          320
   199   0.24087188791526031E-03       393216            9
   200   0.10134901780268833E-02         4224         4160
   201   0.33764854402984074E-02         4104        32769
   202   0.14744429775087550E-02         4224        65537
   203  -0.25142509668258707E-02       528384          129
   204  -0.26736817310991153E-03        18432         5120
   205   0.46331435533276304E-03       524289       131080
   206   0.30915152119501449E-02         8193         4112
   207  -0.34446560441674765E-02           33           33
   208  -0.24616023192561200E-02         8193        16385
   209   0.33460384131298498E-03           33           20
   210   0.30742713317839830E-03        65552         4160
   211  -0.23435877958306693E-03           96       528384
   212   0.15867506284144080E-02       131073       131073
   213  -0.50450380982802346E-02           33            5
   214  -0.22993887238842701E-02        65544       131073
   215   0.56398354073104121E-03         4098        65664
   216  -0.78154268072440315E-03        12288        24576
   217  -0.22062884293254530E-03         8194         4100
   218  -0.38910551354038431E-03         4224       131073
   219   0.88933627589582248E-03       266240       139264
   220  -0.44659092208812121E-03        98304       528384
   221   0.12943600564781568E-02        20480        36864
   222  -0.26117249930262415E-03       131200         4104
   223   0.87984822435055662E-02         2049         1025
   224   0.17107848465035920E-02         6144         5120
   225  -0.66881947817882025E-02         4352         4352
   226  -0.12943027682166385E-02        36864        20480
   227   0.54687258310471155E-03         8200         4104
   228  -0.69021157431520012E-02       262145       262145
   229  -0.10307117051461034E-01         4160       262145
   230  -0.27933072154137234E-02        20480            5
   231   0.76360696659955405E-02           17        12288
   232  -0.23475207118466871E-02         4098        65600
   233   0.44111959560839915E-03           20        12288
   234   0.42449145314493519E-03       266240           80
   235  -0.12791717645872181E-01           17           17
   236   0.53434135741012420E-03         8704         2049
   237   0.13971126351603783E-02       139264       139264
   238   0.44918690610419457E-02        65537        65552
   239  -0.51333869867369411E-03       262145       131074
   240  -0.18123675423337756E-01        12288        12288
   241   0.34982219338828844E-02           33            9
   242   0.73899232096747618E-03           33            6
   243   0.20595300393788141E-01        65537         4160
   244   0.35824941628475574E-03       262160        65552
   245   0.16412576558951400E-02       131136        65600
   246   0.31188867502193035E-03        32769         8208
   247  -0.25766073544779679E-03            6            5
   248   0.63244797872745256E-03          528          513
   249  -0.36064268928452057E-03        12288           10
   250  -0.70153793342168222E-02       266240       266240
   251   0.12774145937837964E-01         4098         8193
   252  -0.15346121603639233E-01         4160         4160
   253   0.28571714316450829E-02         8196         8193
   254  -0.28139414923735194E-03         4112       524352
   255  -0.54633342263425201E-03         8193        32784
   256  -0.20835694928895364E-02         4224         4224
   257   0.53434072982821317E-03         2049         8704
   258  -0.54380374556600919E-02       524289       262145
   259  -0.24610257395683540E-03       327680            9
   260  -0.50022026310451539E-03            9        40960
   261   0.29999475397460432E-02       262145       131073
   262  -0.37615060649969162E-03         8200         4112
   263   0.55401477892009212E-02        36864        12288
   264   0.37601756994874247E-02          129       266240
   265  -0.28571499730149145E-02         8193         8196
   266   0.18253671375307697E-01         5120          513
   267   0.80032146489760088E-03           65           68
   268   0.22301592980342283E-03         1025         1028
   269  -0.22745250419183141E-03        32832        65568
   270   0.32195973344355895E-03        16448        65537
   271   0.32033842730793907E-03       655360        12288
   272  -0.78040179432507335E-02         8193        32769
   273  -0.24594598298808344E-02        36864           17
   274   0.79234897097211956E-03        65600        65664
   275  -0.12482998383167732E-02         4100        65600
   276  -0.69555191953297611E-03           20            9
   277  -0.52624332383892716E-03       524290       131073
   278  -0.23612079953046910E-03          130        69632
   279  -0.24699389824937699E-03         4104         8224
   280  -0.75884685549535563E-03            3        40960
   281   0.20021014468750028E-02        65552        65544
   282  -0.52256782051376873E-02        36864        36864
   283  -0.51332405857570560E-03       131074       262145
   284  -0.86728452089410699E-03           17           24
   285  -0.36633746366781692E-03           65          768
   286   0.27388856441435951E-03        16400         4104
   287   0.79879048256512768E-03            9        24576
   288   0.29688689772921643E-03        17408         6144
   289  -0.83549538693216026E-03           12            3
   290  -0.74495080889139843E-02        32769         4100
   291   0.27307887911537051E-03         4104        16400
   292  -0.43171605259448900E-03        65544         4160
   293  -0.45814663740721586E-03       524289       131088
   294   0.46804672382008016E-03       262208         4100
   295  -0.31792994355909181E-03         4112         8208
   296  -0.17635274525508366E-02         8194        16385
   297  -0.78677619201903727E-03         4098         8200
   298   0.22396863472162553E-03         4160       131080
   299  -0.65308442533668562E-02        32769        32769
   300  -0.85075673937267597E-03         8196         4098
   301  -0.99479322701807394E-03         8196         8208
   302   0.24616515183930802E-02        16385         8193
   303  -0.30000002307498967E-02       131073       262145
   304  -0.44174579389186534E-03          513        10240
   305   0.47946965468548611E-03         8194        32769
   306  -0.56608628934726579E-02           65          129
   307  -0.39840239404620502E-03        65600        32769
   308   0.56250781364571240E-03         3072            9
   309  -0.76980683615769912E-03       262145        65552
   310   0.13404681111899783E-02       135168       147456
   311  -0.35498747403210337E-01        69632           65
   312  -0.18762172173368450E-02         8196         4100
   313   0.34900005898178530E-03        65664         8193
   314   0.71223474509502567E-03           48            3
   315  -0.57293444700686608E-03        12288       589824
   316  -0.22758087067857964E-02         4098         8194
   317  -0.22037677456278714E-03         4100         8194
   318   0.29152220159833064E-03         9216        10240
   319  -0.58533390630728492E-03        20480       327680
   320   0.23531239986715390E-03         8208         4098
   321  -0.60840958349597015E-03        24576           17
   322  -0.45816673205825216E-03       131088       524289
   323  -0.39840770291112984E-03        32769        65600
   324   0.59035418578912938E-03        65544        65568
   325  -0.29403016888675780E-03        65537         8320
   326   0.57808819088600658E-03         4160         8256
   327   0.51614962808684247E-02            5        36864
   328  -0.27090222313347611E-03        16392         4112
   329   0.10153482727092984E-02            9            6
   330  -0.40577470337912862E-02            9        36864
   331   0.14366367297155632E-02            6           12
   332   0.80684902300948754E-03         8256        65537
   333   0.47878807241842148E-03            9           36
   334  -0.25627873994812217E-03         1536         4098
   335  -0.60603268899762659E-02       135168       266240
   336  -0.18007614802533177E-01            3            5
   337   0.48588378467103897E-03        65664        65664
   338  -0.30833134020873668E-03           72           80
   339   0.50962067772952367E-03         8196         4104
   340  -0.73383214497914026E-03       147456           65
   341   0.32000462805059561E-03        12288       655360
   342   0.91188250238580133E-02       266240           65
   343   0.50450297670979602E-02            5           33
   344   0.54627715674246196E-03           20           12
   345  -0.23635817585145660E-03         8193       131200
   346  -0.11146026137370799E-01         1025         4608
   347   0.40147621842008286E-03        16385         8208
   348   0.26459751351283370E-03           24        40960
   349  -0.10135604559889811E-02         4160         4224
   350   0.23836570052730412E-03         4098         8208
   351  -0.50153383191554955E-03        40960            9
   352  -0.24412594963627705E-01        12288            9
   353  -0.26051683076880553E-02       528384           65
   354  -0.32481418499298017E-03        65540       524289
   355   0.83430094762770445E-03       524289       131074
   356   0.56147815846596619E-02        65537       131074
   357  -0.88084731865273390E-03            3        36864
   358   0.44703958260583383E-02         4128         4104
   359  -0.37617475027179283E-03         4112         8200
   360   0.47879822999858409E-03           36            9
   361   0.31789548196595180E-03         8208         4112
   362  -0.33054755506263596E-02         4104         4100
   363  -0.50395346142269315E-03           17            6
   364  -0.83759638834244546E-03        12288           12
   365  -0.10691784668983087E-02         1026         2049
   366  -0.33514085256199349E-03         8704         4608
   367  -0.11497944532668151E-02        65600       262208
   368   0.23329357251891601E-03         1025         8704
   369  -0.48736764842953500E-03           68       528384
   370   0.10697320928363045E-02            6        12288
   371  -0.25223621306814269E-03         4104        32784
   372  -0.68779462372596870E-03       135168       139264
   373  -0.30318447002068331E-03         4112       262208
   374   0.86722912409562729E-03           24           17
   375  -0.48961677612796763E-02        65537       131073
   376   0.44122169068731105E-03        32772         8193
   377   0.32732254962012232E-03       524289       131076
   378  -0.49150876771043545E-01       135168        69632
   379   0.60052144308343661E-03       589824            3
   380  -0.48739942051611408E-03       528384           68
   381   0.29142360551655006E-03       262208        65664
   382   0.83081955587002796E-03       131073       131088
   383  -0.31352969729540870E-03           17       393216
   384  -0.27596854138962584E-02        65538        65552
   385   0.23757425629230002E-03         4352         2112
   386   0.32421111431659615E-03         8200         4100
   387   0.24087862604612476E-02       131074       131073
   388   0.31954533820858334E-03        16400        16386
   389   0.33461054627085629E-03           20           33
   390   0.77934518644674202E-03           17           12
   391   0.23083586618025207E-02        81920       135168
   392   0.19219260860390064E-02        20480           33
   393   0.57870496710647392E-02         6144          513
   394  -0.22277901359277347E-01         4100         4100
   395   0.58032761742313785E-03       278528        69632
   396  -0.34094002015367769E-03          514          513
   397   0.27826046521053482E-03            9          192
   398  -0.38938390625406034E-02          129          129
   399   0.49150796607676954E-01        69632       135168
   400   0.29141000657992696E-03        65664       262208
   401  -0.22038373760736203E-02         4098         4128
   402   0.74978010697980860E-03       528384        81920
   403   0.11517847304039935E-02         8194         4104
   404  -0.25909260335122119E-03        65537         2304
   405   0.70217628185982464E-03       532480           65
   406  -0.12843016787435755E-02        65600        16385
   407   0.10566570859122972E-01        69632       266240
   408  -0.14279191701602805E-02         8256        65544
   409   0.21930687113693126E-03       524292       524292
   410   0.22112029999050006E-02       131073       524289
   411  -0.29199562323015203E-03       270336       135168
   412   0.15588569689275330E-02            9           12
   413   0.48736695577724639E-03       262208       262208
   414   0.44938812141532620E-03        16388        16388
   415   0.51491684546488227E-03        65664         4104
   416  -0.58273016138859319E-03            5           12
   417   0.30339325914530005E-03        98304           80
   418   0.80668477003131682E-03        65537         8256
   419  -0.57669678338298903E-03       135168           96
   420   0.95399662583642221E-03           65        81920
   421  -0.10735676530227458E-02            3           24
   422  -0.71584547995121495E-03        65552       131088
   423   0.19219447641814209E-02           33        20480
   424   0.20821041929545598E-03         8208         4128
   425  -0.34694554684156593E-03         8196        32776
   426   0.56568671340807679E-03           48            9
   427   0.68613338424879100E-02         4112        32769
   428   0.22785201219464158E-03        12288        49152
   429  -0.20844599922383931E-03        32784         8208
   430   0.21856156530414461E-02           66        69632
   431   0.33767423756854849E-03        40960        40960
   432   0.39065467943834986E-03            6        24576
   433   0.68162690673403894E-03       131136       131136
   434   0.39853388837417562E-03        65537       131076
   435  -0.63175452068106358E-03         4128         4100
   436   0.57906456344694612E-03        69632       278528
   437   0.35926432051340388E-03       139264        98304
   438   0.38327509485205425E-03        69632           80
   439   0.57366646071125888E-03       327680       327680
   440   0.96767031039523047E-03         4098       131136
   441  -0.25229508145754322E-03        32784         4104
   442   0.87952824357342898E-03        65544       131088
   443  -0.25628420126737935E-03         4098         1536
   444  -0.36978955009774571E-03       147456       528384
   445  -0.57669987185534049E-03           96       135168
   446  -0.25127854116446784E-02        69632       147456
   447   0.24888778791566456E-03       131073       524304
   448  -0.25257678660609717E-03         4608         2050
   449  -0.39775330473972682E-03       589824           17
   450   0.74814352203331181E-03           33            3
   451   0.46804758156001773E-03         4100       262208
   452  -0.36921564072073948E-03       528384       147456
   453   0.27430850864148697E-03        81920           66
   454   0.68613451113570933E-02        32769         4112
   455   0.53580557131327946E-02            5           17
   456   0.95390604395014227E-03        81920           65
   457  -0.43263781963330473E-03       266240           68
   458   0.19363329497601508E-02            6            6
   459  -0.85119045181265688E-03         4098         8196
   460  -0.28064969088459373E-03       262145       262160
   461  -0.43155541786268556E-03         8256       262148
   462   0.30211505656562417E-02         4098         4100
   463   0.66832568779731075E-03       393216            3
   464   0.23014095557832802E-03           17        40960
   465  -0.15587760790055929E-02           12            9
   466  -0.44174964669367530E-03        10240          513
   467   0.51493564925386096E-03         4104        65664
   468   0.28392992812640406E-03         8200        32769
   469   0.43618678068320572E-03       524352         4100
   470  -0.34155316184518529E-03       528384           72
   471  -0.17225506462344466E-01        65537        65538
   472   0.71211935237122084E-03            3           48
   473   0.22399151999797157E-03       131080         4160
   474   0.47693496585199277E-03         1026         8704
   475   0.38591003700892018E-03         8194         8224
   476   0.23013908451650832E-03        40960           17
   477  -0.31187520069251884E-03         4160       131088
   478  -0.23572499585065032E-03        32769         8196
   479   0.74942063822495953E-03       327680           17
   480   0.41542485909633808E-03       131136       262208
   481  -0.38645381835530782E-03        12288         3072
   482   0.56572383165739808E-03            9           48
   483  -0.54479454913970607E-03         4104         8200
   484   0.27463791093864005E-03        65600         8196
   485   0.25993005760135373E-02            6            3
   486  -0.46639240822230821E-03          129           66
   487  -0.80197310277287624E-03       327680            3
   488  -0.20020433549139565E-02        65544        65552
   489  -0.51196175916778995E-03           65           80
   490  -0.27142716130811663E-03        33792         9216
   491  -0.44919033057886741E-02        65552        65537
   492   0.33514751986914664E-03         4608         8704
   493   0.62013635910465701E-03         8200         8224
   494   0.67268509197545017E-03         4352       131584
   495   0.89007112319595917E-03       139264       266240
   496   0.67267951394397681E-03       131584         4352
   497  -0.31807214404692968E-03            9       196608
   498   0.27596386913872127E-02        65552        65538
   499   0.27129798759093957E-03            9       589824
   500   0.24887204979519729E-03       524304       131073
   501  -0.46928022227375168E-03        32776         8200
   502   0.48798511706364531E-03         4128       131136
   503  -0.22459387066883099E-03         4112        32784
   504   0.21055000352129846E-02         4224       524289
   505  -0.44591409208331504E-03       270336           72
   506   0.56149070957662072E-02       131074        65537
   507   0.42568291948911948E-03        20480       589824
   508   0.30668343408622907E-03       132096          576
   509  -0.51042518504595654E-03         8256       524289
   510   0.22800229926571295E-03        32784        32784
   511  -0.43632730306001602E-03        24576           12
   512   0.84394843349220824E-03         5120          320
   513  -0.38205867947825839E-03        69632       163840
   514  -0.16412559736846118E-02        65600       131136
   515  -0.24307619898096254E-03        17408          520
   516   0.33765092834389995E-02        32769         4104
   517   0.23077280921099713E-02       135168        81920
   518  -0.58527199308429541E-03       393216        12288
   519   0.26268821366501592E-02         8196         8196
   520   0.71901727898854436E-03       524289        65552
   521   0.48691936369374385E-02         8193         4128
   522   0.54470094989118531E-03       540672       135168
   523   0.46484695165148748E-02        65600        65600
   524  -0.79448140104450813E-03        65600         4128
   525  -0.14582193080924892E-02        65537       131088
   526   0.20820049458885646E-03         4128         8208
   527   0.47952011943666031E-03        32769         8194
   528  -0.34788516387073944E-03        73728       528384
   529   0.46949383437265525E-02           17        20480
   530  -0.23257198418864147E-03         4608         2056
   531  -0.35783958950511713E-03       163840        73728
   532   0.87953821363072327E-03       131088        65544
   533  -0.22950153234583343E-01           65           65
   534   0.27824930677963961E-03          192            9
   535  -0.25303372885683968E-03         9216         5120
   536   0.32770137309749779E-03           34           34
   537   0.46417054258030151E-03       131074         8256
   538   0.55053333457995182E-03        65540         4160
   539   0.70155175040067543E-03         8193         8200
   540   0.44118149880038464E-03         8193        32772
   541  -0.46260124923840534E-03           24           33
   542  -0.78456859502584449E-03         8193         8208
   543  -0.83518625447534815E-03            3           12
   544  -0.17605907154968207E-02        16385         8194
   545   0.76315402821415382E-03        16386        16386
   546  -0.62352585159550352E-03        65540       262148
   547   0.29530324359627386E-03        20480        24576
   548  -0.79235793295270602E-03        65664        65600
   549  -0.68599237135901815E-03         4112        65600
   550  -0.13103482308472346E-02        65552       131074
   551  -0.23474365361669720E-02        65600         4098
   552  -0.34139627764354476E-03       131200        65600
   553   0.10709869447539677E-02        12288            6
   554  -0.70081961092599381E-03        32772         8196
   555  -0.98042065455625888E-03           65        73728
   556   0.39914681013733202E-03        73728           96
   557   0.16124447598495693E-02       131073        65552
   558  -0.32747703709914457E-02        32769        16385
   559   0.27142970107403423E-03         9216        33792
   560  -0.25257549678388763E-03         2050         4608
   561   0.26704061043885844E-03       163840        98304
   562   0.14023030600175568E-02            3        24576
   563   0.87152162115715684E-03          514          514
   564   0.22914059754611772E-03          129       532480
   565   0.29436468028365122E-03          520         6144
   566   0.84392360532297675E-03          320         5120
   567   0.27446990090315693E-03         8193        32770
   568  -0.26478145239082002E-03          136        69632
   569   0.35584227763932428E-03        32832        65540
   570  -0.43423706016286793E-03           68       266240
   571   0.30792402023879496E-03        65552         8256
   572  -0.22411840501774766E-02         8200         8194
   573  -0.25994303864842363E-02            3            6
   574   0.96432648704638027E-03           96        69632
   575  -0.41261659346854902E-03           48        12288
   576   0.78446517821473293E-03         8208         8193
   577  -0.38203696339519152E-03       163840        69632
   578   0.22846356229158204E-03        32769        32772
   579  -0.32833537650844917E-03       532480       266240
   580  -0.26041318565399248E-03        65552       131076
   581   0.26442115612952238E-03        32784         4100
   582  -0.54628130216002402E-03           12           20
   583  -0.57384401941304314E-02        65538       131073
   584  -0.42296042248899529E-03       524290       131074
   585   0.44117208573063373E-03        12288           20
   586  -0.84664006999909795E-03       131080        65552
   587  -0.74494945522951515E-02         4100        32769
   588  -0.68603147834207854E-03        65600         4112
   589   0.16124581405938070E-02        65552       131073
   590  -0.84689944213651395E-03        66560          576
   591   0.39380840721323443E-03           10            6
   592  -0.29020458401132282E-03         4098       131200
   593   0.34868648567152527E-02        69632           72
   594  -0.27188472229469282E-03        10240          520
   595   0.48204180139510691E-03           24           12
   596   0.84576537095855144E-02        65544        65537
   597  -0.31811662739205130E-03       196608            9
   598  -0.57342475082019172E-03       589824        12288
   599   0.37834680032027766E-03       131088       131088
   600   0.57818344950262481E-03       589824       589824
   601  -0.12666170765195286E-02        65540        65538
   602  -0.60433893038481790E-02         4098         4098
   603   0.28572318209343055E-03        10240        10240
   604   0.34114873179782334E-03        16448        16448
   605   0.28287029248716020E-03       524352        16385
   606  -0.34154343675936991E-03           72       528384
   607   0.38163869362901767E-03       524289       262146
   608  -0.21341137427986984E-03        81920          129
   609  -0.84576479905822330E-02        65537        65544
   610  -0.52474272299194921E-02            3        20480
   611   0.80010027406979842E-03        24576            9
   612  -0.66673792395969330E-03       131073       131076
   613   0.26366265401884209E-02       139264        73728
   614  -0.34796059544635257E-03         8256        65568
   615  -0.52450539688099857E-02        20480            3
   616   0.17225793230683781E-01        65538        65537
   617  -0.18404801673484461E-01        12288            3
   618  -0.94209616755380895E-03            6           18
   619  -0.29500344194684453E-03        24576        20480
   620   0.82985863071572915E-03       131136        16385
   621   0.28586928679057947E-03         8256       262146
   622   0.28283776100302452E-03        16385       524352
   623  -0.38644317601905490E-03         3072        12288
   624   0.66674560755156640E-03       131076       131073
   625  -0.35863662688895650E-03           10        12288
   626   0.50520736928233250E-03           80           80
   627  -0.16264665225176498E-02        73728       266240
   628  -0.57812118290735898E-03         8256         4160
   629  -0.27059445803797488E-03         4112        16392
   630  -0.30217291481057776E-02         4100         4098
   631   0.70216480965064971E-03           65       532480
   632   0.92645589183264676E-03        66048         1088
   633   0.25604379759145552E-03          528          516
   634   0.56179845892415287E-03       139264           68
   635  -0.57383098291636228E-02       131073        65538
   636   0.68777842451045218E-03       139264       135168
   637  -0.83675768268154024E-03       524289        65544
   638  -0.14366715079356103E-02           12            6
   639   0.14744475395365390E-02       131136         4104
   640   0.67899360322353180E-03           72           72
   641   0.19597170795292869E-02        65552        65552
   642   0.14744711948011791E-02         4104       131136
   643  -0.51287817784672327E-03       135168       532480
   644  -0.39558565450228576E-03         8194        16388
   645   0.12350286625177301E-02           12           12
   646  -0.80197924101033265E-03            3       327680
   647   0.25945732781093309E-02         8200         8200
   648   0.88786138509919623E-03         8704         8704
   649  -0.29669821546862111E-03       262208         8193
   650  -0.98532482114965076E-03        16385         8200
   651  -0.35783877541748350E-03        73728       163840
   652  -0.10001038575401370E-02           66       135168
   653   0.96425124131242095E-03        69632           96
   654  -0.39195500941154444E-03         8256       131076
   655  -0.15732028010468360E-02       524289        65538
   656   0.65256501407759513E-03          516         9216
   657  -0.54631972143212105E-03        32784         8193
   658   0.63154453639135749E-03           24            6
   659   0.32433474584262601E-03         4100         8200
   660   0.28389573449951150E-03        32769         8200
   661  -0.71119237214536284E-03           17           18
   662  -0.54983059327739982E-03          768       135168
   663  -0.98057365266109465E-03        73728           65
   664  -0.10805002197876226E-02            9           24
   665  -0.29256221811952934E-03       524290        65552
   666   0.20844976121147727E-03         8208        32784
   667   0.13963659550948321E-02           72        73728
   668   0.91926578197401392E-03       262145        65544
   669  -0.26271751952725161E-03         1025         1026
   670  -0.38907635359027330E-03       131073         4224
   671   0.25466884860476214E-03        16896         1026
   672   0.94211490366824708E-03         8200         8196
   673   0.39314573020432086E-03          514         5120
   674   0.10805482432468050E-02        73728           66
   675  -0.30549420366737510E-02         4104        65600
   676  -0.29319917335823305E-03        32832         8256
   677   0.15653760557108947E-02         9216         9216
   678   0.29437734676916977E-03         6144          520
   679   0.11193809812200405E-01        16385         4098
   680   0.34797888174594111E-03        65600        16386
   681   0.91932730892619967E-03        65544       262145
   682   0.37157510764881479E-03         8208        32772
   683   0.56364892287672256E-03           20           20
   684  -0.65523525728249522E-03        65537       262152
   685  -0.11334227366554068E-02         8256        65538
   686  -0.56652233097374957E-03           33           12
   687  -0.17126120322763592E-02           72       135168
   688   0.11287693379785852E-02       139264           65
   689   0.27568436147653664E-03        32770         8193
   690  -0.34139333329319562E-03        65600       131200
   691   0.20838847503864405E-03       655360           17
   692  -0.10937063264793777E-02       135168           68
   693   0.60052170780368526E-03            3       589824
   694  -0.23406638003650046E-03       524296       524290
   695  -0.88111307190034158E-03        36864            3
   696   0.29287956264922079E-03         8704         2056
   697  -0.33261322840518723E-03       524304        65537
   698  -0.94218332153051584E-03         8196         8200
   699   0.20561149609685752E-03         2050         8704
   700  -0.89910118432215121E-03         8256       131073
   701   0.57184628067971741E-03         8256       131080
   702   0.77811049688394863E-03       262146        65538
   703   0.13297982297590166E-02        65538       131088
   704  -0.61018311700874138E-03           72       139264
   705   0.71905019768501793E-03        65552       524289
   706  -0.17127280065664808E-02       135168           72
   707   0.94079828101887859E-03       532480        69632
   708   0.29076043971234400E-03           10           34
   709  -0.24555421651525504E-03       262146        65552
   710  -0.32011276011209057E-03         8208        16388
   711  -0.27546821597740654E-03        16386         4112
   712   0.31169319333360795E-03       131136        65664
   713  -0.26388769810539385E-01         4100         8193
   714   0.55813548540839444E-03        16392        16392
   715  -0.80036755025789628E-03           68           65
   716  -0.32011908319661778E-03        16388         8208
   717  -0.26481596173861372E-03        69632          136
   718  -0.13103985961847315E-02       131074        65552
   719   0.35857823737851704E-03         8200        16388
   720   0.21608286514064533E-03         9216         6144
   721  -0.78423847931344802E-03         8200         4098
   722  -0.32837408637440403E-03       266240       532480
   723  -0.36452337133868003E-03       131584         1088
   724   0.36818397962456144E-03       135168          129
   725   0.14744311520588087E-02        65537         4224
   726   0.10341677309326819E-02        12288       327680
   727  -0.34787781241926502E-03       528384        73728
   728   0.44247889600561958E-03       131088       131080
   729  -0.36593996964618205E-03           65       540672
   730   0.33318179259942164E-03        32776         8194
   731   0.34900154763899675E-03         8193        65664
   732   0.70081773699794581E-03         8196        32772
   733   0.42570335909505880E-03       589824        20480
   734   0.89229939500314168E-03            3         3072
   735   0.37817692403550342E-03        32772        32772
   736   0.37185036843343975E-03       270336           68
   737  -0.40524240873197323E-03        98304       266240
   738   0.23407288368157815E-03       524290       524296
   739   0.12596665042639709E-02           18           18
   740   0.24979554117180494E-03          514         6144
   741  -0.27470637307427519E-03        32832        65544
   742  -0.41200251477501099E-03       327680       589824
   743  -0.28277636737223825E-03       131073       524296
   744   0.10803716232533351E-02           24            9
   745  -0.62379021117681393E-03          520          514
   746   0.24978848173309875E-03         6144          514
   747  -0.30314221518975735E-03       262208         4112
   748   0.24367934627824556E-03       147456        81920
   749  -0.14582293162043508E-02       131088        65537
   750  -0.32887086900733608E-03       524352        65600
   751  -0.38684670737738414E-03         8224         8194
   752  -0.54776754111780226E-03           36            3
   753  -0.91245169388820529E-02         4608         4608
   754   0.29165877605569934E-03         8256       262145
   755  -0.24610566034863649E-03            9       327680
   756  -0.98569025378379195E-03           72           65
   757   0.28266964014309444E-03         8194        16392
   758  -0.39809420900471820E-03        16388         8194
   759   0.47916335645909966E-03           20            6
   760  -0.98437247261678497E-03         8200        16385
   761  -0.16256394312042250E-02       266240        73728
   762   0.38480850481780832E-03           80       528384
   763   0.39038796555317074E-03        24576            6
   764   0.39248515330688420E-03         8256       262152
   765   0.22436583535663632E-02         8194         8200
   766  -0.58230782102671006E-03         4160        16448
   767   0.94215138269507139E-03           18            6
   768   0.47667705082045988E-03         8704         1026
   769   0.10057976850759139E-02           65           66
   770  -0.45334839719742974E-03         9216          514
   771   0.64599796632869712E-03        65568        65537
   772   0.50896159978808893E-03         4104         8196
   773  -0.30672166607672972E-03         1025         2064
   774   0.11494182932011412E-02         4104         8194
   775  -0.31861028080630723E-03        16386        16400
   776  -0.58599114239096350E-03       327680        20480
   777   0.30795798873385784E-03         8256        65552
   778   0.58885315133620851E-03        69632       270336
   779  -0.81274100586002790E-02        65537       524289
   780  -0.19848469473328313E-02          129        69632
   781  -0.12842298689907904E-02        16385        65600
   782   0.30190166905479755E-03           80          129
   783   0.10437530093489291E-01         4100         4112
   784   0.77789999116628520E-03         4098        32769
   785  -0.10001813801353797E-02       135168           66
   786   0.73902443773784512E-03            6           33
   787   0.26610164057787366E-03        12288           24
   788   0.23756126466105721E-03         2112         4352
   789   0.24847712830397946E-03       135168           80
   790  -0.47909577759621720E-03            6           20
   791   0.30566296764764696E-03           80           68
   792  -0.89915281203651666E-03       131073         8256
   793   0.28122766753158231E-03        16512        65537
   794  -0.52606348261114344E-03           12           18
   795   0.79372076045379145E-03        98304        98304
   796  -0.39199229509345013E-03            6           10
   797   0.34796465044181253E-03        16386        65600
   798  -0.12482191826887444E-02        65600         4100
   799  -0.13409799047106473E-02       147456       135168
   800   0.27483801428891940E-03       393216        20480
   801   0.13991328084910065E-02         8256         8256
   802  -0.64563420978848516E-03         9216          520
   803   0.57137757598061658E-03       131080         8256
   804  -0.34790511554111186E-03        65568         8256
   805  -0.11820842325554880E-02       540672        69632
   806  -0.30455831090607066E-03          514        17408
   807   0.31251655348971206E-03           72           68
   808   0.82984642129713148E-03        16385       131136
   809  -0.43897627327690235E-03           66           80
   810   0.29811771473126856E-03        32776        32776
   811  -0.59803457269002828E-02        73728        69632
   812   0.56392175056472289E-03        65664         4098
   813   0.94706567590057602E-02        65538        65538
   814   0.56176635746107431E-03           68       139264
   815  -0.42551091883021003E-03         8200        32770
   816  -0.10737231918249101E-02           24            3
   817  -0.24328959923719114E-03          520        17408
   818  -0.52624207068159416E-03       131073       524290
   819   0.21430619848083140E-03         8200        32772
   820   0.40347773987703075E-03         4098        16400
   821   0.10817067267871144E-02         4100       131136
   822  -0.43152842708227095E-03         4160        65544
   823   0.38316589643054365E-03           80        69632
   824  -0.23573639372988085E-03         8196        32769
   825   0.27235606750593158E-03           20        24576
   826  -0.54780891970725545E-03            3           36
   827   0.40346514995375010E-02       131074        65538
   828   0.84010664284912123E-03         4098         4112
   829   0.20835543753199771E-03          516        33792
   830   0.74384201819803269E-03        65552        65540
   831  -0.26119593226561289E-03         4104       131200
   832   0.46494442561470013E-03        24576        24576
   833  -0.20202596416970571E-03        49152            3
   834   0.68559716204674389E-03           66           72
   835  -0.30490834532721962E-03        17408          514
   836   0.27951644205327311E-03          528         5120
   837  -0.52611634412701549E-03           18           12
   838   0.56150751371931041E-03       524296        65537
   839  -0.63244432399075948E-03          513          528
   840   0.68183437618983891E-03           18           24
   841   0.63150845506417918E-03            6           24
   842   0.65518451515192693E-03       262146       262146
   843  -0.34982912457369518E-02            9           33
   844  -0.10059583214222618E-02           66           65
   845   0.60614753065258657E-02       266240       135168
   846  -0.23284027280704114E-03        16392         8200
   847   0.22724938535737571E-03        16386        16388
   848   0.21286828407667802E-03       163840       528384
   849  -0.29554264338531571E-03          516          513
   850   0.45562823536599920E-02        65544        65544
   851  -0.40419812519871178E-03        65540        65568
   852   0.86202585758213236E-03           68           68
   853  -0.43637406605588890E-03           12        24576
   854  -0.55597724798982153E-03        16392        16386
   855   0.59803398092314053E-02        69632        73728
   856  -0.15623465421450437E-02        66048         4352
   857   0.18761981713684018E-02         4100         8196
   858   0.28908275946606678E-02        65540        65540
   859   0.48566451787115592E-03            3          192
   860  -0.28275529960782486E-03       524296       131073
   861  -0.51040692367312489E-03       524289         8256
   862  -0.79448465253363610E-03         4128        65600
   863  -0.36418671705529536E-03       540672           65
   864   0.33627979129375723E-03            3           20
   865   0.30187829428095214E-03          129           80
   866  -0.24520875163488938E-03        16392        16400
   867   0.23329187904669394E-03         8704         1025
   868  -0.18612626397446542E-02       131080        65538
   869  -0.15732182937131893E-02        65538       524289
   870   0.21571333979617953E-03         8194         4128
   871   0.22026599260337182E-03         8256       524292
   872   0.20841050769769448E-03           17       655360
   873  -0.29821741303179652E-03       270336           66
   874  -0.63609932095988930E-03        65538        16448
   875   0.22736877564199370E-02         8194         4098
   876  -0.25326328544379202E-03       786432            3
   877   0.43899276567767309E-03           80           66
   878  -0.68258882677950752E-03         8194         8208
   879  -0.22846608443728228E-03        32772        32769
   880  -0.28361773029811880E-03       524352         4112
   881   0.33045983520742857E-03       262146        65540
   882   0.34093617573283439E-03          513          514
   883   0.21007132420179555E-03       557056        69632
   884  -0.10446571813922047E-02       131073       131080
   885   0.58088508117100552E-03          576          576
   886   0.11498452805033699E-02       262208        65600
   887  -0.53919354994386272E-02        65544        65538
   888   0.56250856848273710E-03            9         3072
   889  -0.36467951697692077E-03       131073       524292
   890  -0.22434038733663310E-03        65552        32832
   891   0.46331651649691281E-03       131080       524289
   892   0.21857637011884123E-02        69632           66
   893  -0.32308508198316855E-03         4224        65538
   894  -0.84664943443966739E-03        65552       131080
   895  -0.51304133905199611E-03       532480       135168
   896  -0.21480798091600212E-03        16388        16400
   897  -0.61039592914363910E-03       139264           72
   898   0.28451698902144830E-03        16392         8194
   899  -0.32480600251244925E-03       524289        65540
   900  -0.68179213949888355E-03           24           18
   901  -0.23785301007931743E-03         4112         8196
   902  -0.32054212354692908E-03           18            3
   903   0.16886996982874262E-02        69632        98304
   904   0.22464730429562000E-03        32784         4112
   905   0.23443403562485273E-03         8200        16392
   906  -0.29052141465783147E-03           34           10
   907   0.29064354971086937E-03           24           20
   908   0.27276190168738752E-03        65540       131088
   909  -0.73387198480660278E-03           65       147456
   910  -0.21953852523689515E-03         6144          320
   911   0.21429159043390871E-03        32772         8200
   912   0.51205022256300362E-03           80           65
   913  -0.23440268490321125E-03       528384           96
   914   0.65256251391420804E-03         9216          516
   915  -0.40548456524580536E-03       266240        98304
   916  -0.35855046961094308E-03         4112         8194
   917   0.52680976309327969E-03       294912        69632
   918   0.58272725360080356E-03           12            5
   919  -0.26365983343942445E-02        73728       139264
   920  -0.76990383796242076E-03        65552       262145
   921  -0.64600131477571157E-03        65537        65568
   922  -0.22435096986936763E-03        32832        65552
   923   0.96289018801247234E-03        65537       524290
   924   0.36924959339012240E-03        16386         8193
   925  -0.39021019255807858E-03         4104        16392
   926   0.37704981584613724E-03        65537       524292
   927   0.24794736136106476E-03        65540       524290
   928  -0.24158149851845172E-03         2049         1028
   929  -0.45373625156320461E-03        67584          576
   930   0.24226561920760620E-03        10240          516
   931  -0.29196172995664036E-03       135168       270336
   932   0.10341387275705515E-02       327680        12288
   933  -0.29626736739235023E-03         8196        16388
   934   0.92763968707190129E-03       131074       131080
   935  -0.29317390555233996E-03       262656         1088
   936   0.62353342476530042E-03       262148        65540
   937   0.34867758925174923E-02           72        69632
   938   0.38479998521748850E-03       528384           80
   939   0.24227058701127482E-03          516        10240
   940  -0.77358043946630147E-02         4112        16385
   941  -0.24087078225008426E-02       131073       131074
   942   0.29554028181271662E-03          513          516
   943  -0.39190967503278712E-03       131076         8256
   944  -0.26041807360957183E-03       131076        65552
   945  -0.48211334515629086E-03           66       139264
   946  -0.42489789865039784E-03           12           10
   947   0.25679166007481352E-03          528          514
   948  -0.58534172304703389E-03        12288       393216
   949   0.77935785899150905E-03           12           17
   950  -0.64554241146821327E-03          520         9216
   951   0.13552728280545989E-02          768        69632
   952  -0.65520172003732057E-03       262152        65537
   953   0.87910052096532791E-03        65538       262145
   954   0.28471194063223824E-02         8194         8194
   955  -0.62026776617576213E-03         8224         8200
   956   0.46357164411093248E-03       131074       262146
   957   0.55561548420706430E-02        73728        73728
   958   0.43549106567303649E-03         4100       524352
   959   0.24458136693288654E-03        16400        16392
   960  -0.42547965576140138E-03         1032         1040
   961  -0.35857335560360548E-03         8194         4112
   962   0.26043136117256918E-02       131080        65537
   963  -0.83673220161767457E-03        65544       524289
   964   0.35924470909996293E-03        98304       139264
   965   0.56152166548455325E-03        65537       524296
   966   0.32193472492475343E-03        65537        16448
   967  -0.29165127646796509E-03        32769        32784
   968   0.50199332425038105E-03           17           10
   969   0.46997998083421092E-03       139264       270336
   970  -0.65809503368441250E-03         1032         2049
   971  -0.16886887554233892E-02        98304        69632
   972  -0.44404598148484610E-03        65544        16448
   973   0.27531292011830321E-03        32770        32776
   974   0.21662608063795991E-03       524296       524296
   975   0.56655815876418397E-03           18            9
   976   0.52527671335587001E-03         8208         8200
   977   0.48795865087924154E-03       131136         4128
   978   0.35583319137882620E-03        65540        32832
   979  -0.13146915933315738E-02        73728           68
   980  -0.52517679560029086E-03         8200         8208
   981   0.12340250220745661E-02         8208         8208
   982   0.22386014895809888E-03        33792        33792
   983   0.83432982046054995E-03       131074       524289
   984   0.21754292813314078E-03           24           10
   985   0.10446563274359839E-02       131080       131073
   986  -0.53765104894874544E-03         4098        16392
   987  -0.27510915355416813E-03         4112        16386
   988   0.23033858497590156E-03        36864       589824
   989  -0.26203079299681026E-03         1028         1040
   990  -0.22994130900285273E-02       131073        65544
   991  -0.45112733546215334E-03       262145       131080
   992   0.87912374367160194E-03       262145        65538
   993   0.12664117822229943E-02        65538        65540
   994   0.35349007701760614E-03       262160        65538
   995  -0.29255221216416315E-03        65552       524290
   996  -0.10813032338100451E-02        65540       131076
   997   0.32897290482672854E-03        65600       524352
   998   0.23806270504790977E-03       262160        65540
   999   0.33663804995545036E-03           20            3
  1000  -0.21092337154901555E-03        65538       262148
  1001   0.32061350209085297E-03            3           18
  1002   0.32676135853165501E-03         1536         2560
  1003   0.71125630880078232E-03           18           17
  1004   0.37156213002929742E-03        32772         8208
  1005   0.39770732832817933E-03        65552        16448
  1006  -0.24299268779806070E-03         4098         8224
  1007   0.35893623726161484E-03        16388         8200
  1008   0.10218976014562994E-02        65540         8256
  1009   0.35891586781834796E-03         2050         2050
  1010  -0.65808645828622462E-03         2049         1032
  1011   0.99479874223165729E-03         8208         8196
  1012  -0.32635025611922787E-03            3       655360
  1013  -0.27534732267179662E-03        32776        32770
  1014  -0.45115642011412424E-03       131080       262145
  1015   0.50382397133635285E-03           10           17
  1016  -0.31253007559279021E-03           68           72
  1017  -0.23566957279952849E-03        16388         4128
  1018   0.29165279538938044E-03       131073       262148
  1019   0.56652804041248874E-03            9           18
  1020   0.25273020349627159E-03       131074        16448
  1021   0.27436673527692768E-03           66        81920
  1022  -0.84689800232564435E-03          576        66560
  1023   0.10560881107854420E-02       270336        73728
  1024   0.11580376342359496E-02         1536         1536
  1025  -0.75692950153564813E-03        40960            3
  1026   0.60938700966453564E-03           24           24
  1027   0.19329169131737495E-02        65544       131074
  1028  -0.36468122587988457E-03       524292       131073
  1029   0.34694436434853807E-03       131088       262145
  1030  -0.44272359333589345E-03           80        81920
  1031   0.38208023276492151E-03       262146       524289
  1032   0.39314443430694046E-03         5120          514
  1033   0.46934492434194940E-03         8200        32776
  1034   0.22255335418232372E-03        20480           10
  1035  -0.25133111217937559E-02       147456        69632
  1036   0.38785558639907312E-03        16392         4104
  1037   0.30668702839898378E-03          576       132096
  1038   0.26270707809168578E-03         1026         1025
  1039  -0.29067452921074412E-03           20           24
  1040  -0.22301693470935306E-03         1028         1025
  1041  -0.21341009880969177E-03          129        81920
  1042   0.42297028025130577E-03       131074       524290
  1043  -0.94881369750648710E-03         1088         4352
  1044  -0.25909401693741769E-03         2304        65537
  1045  -0.77811043337378449E-03        65538       262146
  1046  -0.27697192978223952E-03        65544       262152
  1047   0.39391149186729114E-03       262152         8256
  1048   0.68930069994164913E-03        69632           68
  1049  -0.27155904748970915E-03          520        10240
  1050  -0.10937255664495308E-02           68       135168
  1051  -0.34695418948400576E-03        32776         8196
  1052   0.30339252651902433E-03           80        98304
  1053  -0.46622441547358463E-03       131073        65540
  1054  -0.29953454725075904E-03        65568        65538
  1055   0.36912424158119485E-03         8193        16386
  1056   0.28247929584680423E-03        16392        65600
  1057  -0.36633800600157214E-03          768           65
  1058  -0.44467973316767351E-03        16448        65544
  1059   0.14019391328760813E-02        24576            3
  1060   0.24512803023087895E-03         2050         2056
  1061  -0.46633455684020979E-03           66          129
  1062   0.25439993778338067E-03         1026        16896
  1063  -0.22633773679011480E-03         8193       131136
  1064  -0.30548975200855332E-02        65600         4104
  1065  -0.74384525503492127E-03        65540        65552
  1066  -0.23784049957946705E-03         8196         4112
  1067   0.33864766516678138E-03       262148       262148
  1068   0.13969343049838611E-02        73728           72
  1069  -0.58908143913872428E-03        32770         8194
  1070   0.66831925341342177E-03            3       393216
  1071  -0.32635092348074922E-03       655360            3
  1072   0.27475627827117848E-03        20480       393216
  1073  -0.93554556625869919E-03        98304        73728
  1074  -0.29153103337955431E-03        10240         9216
  1075   0.70626635853162929E-03          516          516
  1076   0.24848887294819566E-03           80       135168
  1077   0.39913147708966210E-03           96        73728
  1078  -0.25526029422139111E-03       262148       131076
  1079   0.53921309230564205E-02        65538        65544
  1080  -0.59036839058917729E-03        65568        65544
  1081  -0.58457363577776942E-03           18           33
  1082  -0.31353300973677482E-03       393216           17
  1083   0.58888515997809992E-03       270336        69632
  1084   0.33709490821384432E-03         8224         8196
  1085  -0.24373150014795052E-03         8224         4098
  1086  -0.41260276303977067E-03        12288           48
  1087   0.29272446744669643E-03         2056         8704
  1088   0.24099630370540191E-03            9           10
  1089   0.46054525339846435E-03         8256       131074
  1090   0.10816546860671385E-02       131136         4100
  1091  -0.22733780519092677E-03         4098        32770
  1092  -0.44246544757605625E-03       131080       131088
  1093   0.52388481795708310E-03       524290        65538
  1094  -0.98988700827078516E-03        65537        65540
  1095   0.39683043682615970E-03        65544        65540
  1096   0.71584901546406922E-03       131088        65552
  1097  -0.32675978836425016E-03         2560         1536
  1098  -0.68560562373307598E-03           72           66
  1099  -0.22259474741626557E-03       294912       135168
  1100   0.26553094753737461E-03        40960           24
  1101   0.98990504467638251E-03        65540        65537
  1102   0.33682272741506999E-03         8224         8224
  1103   0.66950058068878239E-03         1032         8704
  1104   0.61704469536501413E-03         1040         1026
  1105  -0.76738722763959382E-03        67584        66560
  1106   0.24794414811943208E-03       524290        65540
  1107   0.35353333184340080E-03        65538       262160
  1108   0.76738394926933703E-03        66560        67584
  1109   0.37706553491768740E-03       524292        65537
  1110  -0.47000550194574670E-03       270336       139264
  1111   0.48564377684267885E-03          192            3
  1112   0.27131521935352184E-03       589824            9
  1113  -0.32318726641153910E-03        65538         4224
  1114   0.48948755025460516E-03         1040         1040
  1115  -0.42584828345082297E-03        32770         8200
  1116   0.26043197404692414E-02        65537       131080
  1117   0.31169943917839599E-03        65664       131136
  1118   0.46889962002103332E-03        98304        81920
  1119   0.39854511103175414E-03       131076        65537
  1120   0.53984287644985834E-03         1040         2049
  1121   0.55052554430118253E-03         4160        65540
  1122   0.21279125260964963E-03         4112         8224
  1123  -0.56653128384068197E-03           12           33
  1124   0.32487822994558397E-03        16400        16400
  1125  -0.23347391098914362E-03        32784         4098
  1126  -0.21616997044099142E-03         1280        65537
  1127   0.30048319498675975E-03         4104        16386
  1128   0.28363625089869720E-03       262146         8256
  1129  -0.24919252352340109E-03        24576           24
  1130   0.27311973379047424E-03        24576           20
  1131   0.11287610294629707E-02           65       139264
  1132  -0.23738813016596714E-03         4224        65544
  1133  -0.83083022816118944E-03       131088       131073
  1134   0.40635736496476890E-03        16400         4098
  1135   0.87300089475725101E-03         1028         1028
  1136  -0.20723790460020912E-03         4100        16400
  1137  -0.92753741453107112E-03       131080       131074
  1138  -0.21788841471302541E-03       278528           66
  1139   0.30094168686297800E-03        16386         4104
  1140   0.39769578238604537E-03        16448        65552
  1141  -0.61702941399592376E-03         1026         1040
  1142   0.22724098979503768E-02        66048        66048
  1143  -0.44272945668423632E-03        81920           80
  1144   0.34690149530533282E-03       262145       131088
  1145  -0.20514114010544216E-03           17           48
  1146   0.47311979227791226E-03        32770        32770
  1147  -0.27467358117080329E-03        65544        32832
  1148   0.13297782717415455E-02       131088        65538
  1149   0.22770389437631495E-03        49152        12288
  1150  -0.35822204997724126E-03        65552       262160
  1151  -0.54982783899639365E-03       135168          768
  1152  -0.25604280294018548E-03          516          528
  1153  -0.41999030938974415E-02        81920        69632
  1154   0.29165650127632362E-03       262148       131073
  1155   0.35190123677026518E-03        65537        32832
  1156   0.74948019256050884E-03           17       327680
  1157  -0.33708881954759747E-03         8196         8224
  1158   0.40419784390897468E-03        65568        65540
  1159   0.33305156977127921E-03         8194        32776
  1160  -0.22261202399641839E-03       135168       294912
  1161  -0.45342970144133328E-03          514         9216
  1162   0.10220279212170254E-02         8256        65540
  1163   0.46790516927821700E-03        66048         2112
  1164   0.29165191239998784E-03        32784        32769
  1165   0.22039202585364959E-02         4128         4098
  1166   0.67962356983129106E-03         8208         8194
  1167  -0.13145626439817878E-02           68        73728
  1168   0.29320167513098078E-03         8256        32832
  1169   0.21276650518173580E-03         8224         4112
  1170  -0.24554622634057678E-03        65552       262146
  1171  -0.23638408810454001E-03       131200         8193
  1172   0.29623605957588016E-03        16388         8196
  1173   0.94270126716311726E-03        81920        81920
  1174   0.23563454179085434E-03         2052         2052
  1175  -0.20785048451047946E-03        16400         4100
  1176   0.28123447393683899E-03        65537        16512
  1177   0.21287355021399685E-03       528384       163840
  1178  -0.21091765789122059E-03       262148        65538
  1179   0.96291841465372216E-03       524290        65537
  1180  -0.48207475127505289E-03           12           24
  1181  -0.48166983885665851E-03       139264           66
  1182  -0.26701502148333757E-03         5120        18432
  1183  -0.28923356881905562E-03          257          264
  1184   0.41987872985633163E-02        69632        81920
  1185   0.53984644199414980E-03         2049         1040
  1186   0.22406895450398912E-03          264          264
  1187  -0.41544862277923650E-03       262208       131136
  1188   0.10662413757290300E-02        65540       131074
  1189  -0.23347886154626249E-03         4098        32784
  1190  -0.23466190329965802E-03           17         3072
  1191  -0.92390647150929401E-03        65538       131076
  1192   0.66281068351020948E-03          520          520
  1193  -0.34689927982838449E-03        66048       262656
  1194   0.84885906022268457E-03       131584        66048
  1195   0.98569221653540965E-03           65           72
  1196   0.30836222021331298E-03           80           72
  1197  -0.29167681453241460E-03        16448        65540
  1198   0.37215160570604124E-03       262146       262152
  1199  -0.26704231889392911E-03        98304       163840
  1200   0.30028694749258643E-03        17408        17408
  1201   0.14258941560803759E-02       131080        65544
  1202   0.35532884874011305E-03        65792        65792
  1203  -0.63517612390398483E-03        16448        65538
  1204  -0.24157975573777305E-03         1028         2049
  1205  -0.34998338174444422E-03          258        66560
  1206   0.94077216559024463E-03        69632       532480
  1207  -0.44604892929273499E-03           72       270336
  1208   0.42790085981099404E-03           80       266240
  1209   0.23805323678009792E-03        65540       262160
  1210  -0.30565654502293191E-03           68           80
  1211   0.23511290652570950E-03       196608        20480
  1212  -0.11051455667545271E-02         1032         1026
  1213   0.49064090276176972E-03       270336       270336
  1214  -0.60823270021482037E-03           17        24576
  1215   0.28244727745878437E-03        65600        16392
  1216   0.66892551937810553E-03       131080       131080
  1217  -0.25676510410205391E-03          514          528
  1218  -0.39694579421074903E-03        65540        65544
  1219   0.26917684743038599E-03        16386         4098
  1220  -0.21578655253047795E-03       196608       393216
  1221  -0.29405755489256838E-03         8320        65537
  1222  -0.21429046648926677E-03       294912        73728
  1223  -0.22600688534983189E-03        16388        16386
  1224   0.21578372001153072E-03       393216       196608
  1225  -0.23620358927657850E-03        69632          130
  1226  -0.50384155956428476E-03            6           17
  1227  -0.21904620588546805E-03           10           24
  1228   0.55438743800759985E-03        16386        16392
  1229  -0.44658778040386010E-03       528384        98304
  1230   0.27953283181136228E-03         5120          528
  1231   0.22990432772458303E-03       589824        36864
  1232  -0.23255706170039776E-03         2056         4608
  1233   0.74884664319214750E-03        67584        67584
  1234   0.26441031719765581E-03         4100        32784
  1235   0.26317184026868919E-03        16896         4608
  1236   0.21719563692819814E-02       131074       131074
  1237  -0.41332189132534233E-03         1028         1026
  1238  -0.46624293319265386E-03        65540       131073
  1239  -0.25326373456028146E-03            3       786432
  1240  -0.26318404856000250E-03         8704         2052
  1241   0.20835460909924319E-03        33792          516
  1242   0.29163578263817936E-03       262145         8256
  1243   0.22914159693605032E-03       532480          129
  1244  -0.20285730826371916E-03            3        49152
  1245   0.23733491493828712E-03         2560         2560
  1246  -0.84885878563269992E-03        66048       131584
  1247   0.21010130649598782E-03          520         5120
  1248  -0.14247323845209146E-02        65544         8256
  1249  -0.11374191007639384E-02        65538         8256
  1250   0.52686253662686112E-03        69632       294912
  1251   0.26368891395313451E-03         1028         2052
  1252  -0.29169553523256944E-03        65540        16448
  1253  -0.29015010442847051E-03       131200         4098
  1254  -0.92401994220620888E-03       131076        65538
  1255   0.22151189173242458E-03         1032         2056
  1256   0.21310339093308560E-03       278528           65
  1257   0.10812860147743121E-02           66        73728
  1258  -0.26784902832259852E-03         4098        16386
  1259   0.32732748530877855E-03       131076       524289
  1260  -0.32110963417644295E-03        66560       133120
  1261   0.26743871780752311E-03           24        12288
  1262  -0.10691894220001322E-02         2049         1026
  1263   0.20486789921561402E-02         1026         1026
  1264  -0.24895270568381448E-03           24        24576
  1265   0.25303789876214875E-03         5120         9216
  1266  -0.42297366722967054E-03           68        98304
  1267   0.21666678052648528E-03        17408          528
  1268   0.29955856646044220E-03        65538        65568
  1269  -0.37220518498683116E-03       262152       262146
  1270  -0.22745597794641658E-03        65568        32832
  1271  -0.42297914499289549E-03        98304           68
  1272  -0.20392395239303749E-03        16400        32769
  1273   0.24318437942952878E-03        32832        32832
  1274   0.93558972254586333E-03        73728        98304
  1275   0.59380879210076815E-03       131074       131076
  1276  -0.20738535660058623E-03        65538       262152
  1277   0.42547977483621720E-03         1040         1032
  1278   0.29760201136680149E-03       262146        65544
  1279   0.18567229650247325E-02        66560        66560
  1280   0.27276043196934878E-03       131088        65540
  1281   0.25038759015267480E-03        81920        73728
  1282   0.42734785093358771E-03           10           12
  1283  -0.45373693159348459E-03          576        67584
  1284   0.22730869275463481E-03        32770         4098
  1285  -0.70157696516106249E-03       131074       131088
  1286   0.21216508141789795E-03       262146        16448
  1287   0.31068628014483128E-03          576       263168
  1288  -0.58461725203731837E-03           33           18
  1289   0.20830853472050793E-03       262656       262656
  1290  -0.29666700052694635E-03         8193       262208
  1291   0.25758788818212863E-03            5            6
  1292  -0.14258524041852242E-02        65544       131080
  1293   0.48069579094659241E-03        65568        65568
  1294  -0.24367243830990308E-03        81920       147456
  1295  -0.26285885982975490E-03         4608        16896
  1296   0.96764888347192126E-03       131136         4098
  1297  -0.10560170287375467E-02        73728       270336
  1298  -0.23594476826684272E-03         4098        16388
  1299   0.22200587722337619E-03       524352       262208
  1300  -0.94883151510525112E-03         4352         1088
  1301   0.37188744534304581E-03           68       270336
  1302  -0.23478284250847046E-03        16388         4098
  1303  -0.31183801965902174E-03       131088         4160
  1304  -0.54046214414460068E-03        16392         4098
  1305   0.92645820427275411E-03         1088        66048
  1306  -0.33260110053079199E-03        65537       524304
  1307  -0.20480217830878199E-03         1536         4112
  1308  -0.22153061732707585E-03         2056         1032
  1309  -0.43163091455387936E-03       262148         8256
  1310  -0.23515505257809704E-03         4128        16388
  1311  -0.21953418231558121E-03          320         6144
  1312  -0.40346692931551515E-02        65538       131074
  1313  -0.22631358887652462E-03       131136         8193
  1314   0.38631761160353117E-03          528          528
  1315  -0.20683472535792274E-03         8448         4352
  1316  -0.50867594307872242E-03        66560       132096
  1317   0.33037949812879299E-03        65540       262146
  1318   0.21418537343914184E-03          257        66560
  1319  -0.29805268384669974E-03           66       270336
  1320  -0.22373972800954466E-03       262208       524352
  1321  -0.30445537985062971E-03       589824       196608
  1322   0.68926844962350123E-03           68        69632
  1323   0.20428809171527170E-03        98304           96
  1324  -0.23756092098589613E-03       589824       393216
  1325   0.62376108002270918E-03          514          520
  1326   0.26202971024387781E-03         1040         1028
  1327   0.85500218577308745E-03       196608       196608
  1328   0.28070711115312386E-03       262160       262145
  1329   0.89230268040458563E-03         3072            3
  1330  -0.11837593604028022E-02        69632       540672
  1331  -0.20686924819819617E-03       524292        65538
  1332   0.20428528024361782E-03           96        98304
  1333  -0.46890836737302700E-03        81920        98304
  1334  -0.18614005034994594E-02        65538       131080
  1335  -0.25040774127539959E-03        73728        81920
  1336   0.20546242550605170E-03         8704         2050
  1337  -0.20731659310763064E-03       262152        65538
  1338   0.31667402514078260E-03        67584       132096
  1339   0.29671775521101113E-03         6144        17408
  1340   0.22025233127481261E-03       524292         8256
  1341  -0.34997948163230380E-03        66560          258
  1342  -0.51692316415959301E-03         1028         8704
  1343   0.72931701389937346E-03         1088         1088
  1344   0.10660981323133358E-02       131074        65540
  1345   0.19330756171818976E-02       131074        65544
  1346   0.41331162011415976E-03         1026         1028
  1347   0.10813057598451942E-02       131076        65540
  1348   0.63199171537490009E-03           10           10
  1349   0.42228009066770834E-03       524290       524290
  1350  -0.20689367207267319E-03        65538       524292
  1351   0.23506710783953737E-03        20480       196608
  1352  -0.83678398380436665E-03           12        12288
  1353  -0.52389650772127457E-03        65538       524290
  1354  -0.23466328053071820E-03         3072           17
  1355  -0.46355395214580731E-03       262146       131074
  1356   0.25395641934244348E-03         2056         2056
  1357  -0.24280918685409898E-03           10            9
  1358   0.22716346509421532E-03           10        20480
  1359   0.21481776490176136E-03        16400        16388
  1360   0.29760338047012759E-03        65544       262146
  1361   0.46790670571251162E-03         2112        66048
  1362   0.20112872881128193E-03       266240       540672
  1363   0.45558978771398362E-03       263168        66560
  1364   0.20513142083387960E-03           48           17
  1365  -0.59389078658031295E-03       131076       131074
  1366   0.58884714003815466E-03         8194        32770
  1367  -0.15623580346948850E-02         4352        66048
  1368  -0.32111081419007982E-03       133120        66560
  1369   0.21154206751375622E-03        16448       262146
  1370   0.43275033667487480E-03        67584          257
  1371  -0.45557918097476269E-03        66560       263168
  1372   0.30443955030918629E-03       196608       589824
  1373   0.31068166474541560E-03       263168          576
  1374  -0.21427093535671959E-03        73728       294912
  1375   0.55165436181634289E-03       131076       131076
  1376  -0.23776144138820953E-03       393216       589824
  1377   0.21247549666291514E-03         1026         2050
  1378  -0.20478838581791908E-03        32776         8224
  1379  -0.37797779960764571E-03          257          258
  1380   0.37230169992443483E-03       262152       262152
  1381   0.21184690518308416E-03       524352       524352
  1382   0.20107402019038670E-03         1280        65538
  1383  -0.24596969991495609E-03       132096          257
  1384  -0.24912631335936137E-03         2112         1088
  1385   0.53924705127897225E-03          258          258
  1386  -0.51691942377809737E-03         8704         1028
  1387   0.98020273800869594E-03         1032         1032
  1388   0.11575440200129303E-02           66           66
  1389   0.25525708329223753E-03       131076       262148
  1390  -0.20495457655981213E-03         8224        32776
  1391   0.66973129788350564E-03         8704         1032
  1392  -0.21246962674699728E-03         2050         1026
  1393   0.28159594052237828E-03          320          513
  1394   0.50867719220514256E-03       132096        66560
  1395   0.70157118893077143E-03       131088       131074
  1396   0.11051327533580719E-02         1026         1032
  1397   0.21010896140699351E-03         5120          520
  1398  -0.26319057427797853E-03         2052         8704
  1399   0.21313102485365679E-03           65       278528
  1400  -0.36453097686503614E-03         1088       131584
  1401   0.26120448713736730E-03       263168       263168
  1402  -0.27124518576192709E-03        67584       133120
  1403   0.20896116439064562E-03        69632       557056
  1404  -0.24597123567856119E-03          257       132096
  1405   0.34706059213422756E-03         8448         8448
  1406   0.24912625946463377E-03         1088         2112
  1407   0.25187134611310408E-03        16448       131074
  1408   0.20089276806075352E-03         1032         1025
  1409  -0.29316695739376765E-03         1088       262656
  1410   0.41127753366948348E-03       589824       327680
  1411  -0.26368894142874983E-03         2052         1028
  1412   0.24758834528989897E-03       132096       132096
  1413   0.29145903558555679E-03       532480       532480
  1414  -0.27229536602533546E-03          264          258
  1415   0.44686406806819338E-03       131584       131584
  1416   0.28923127831626238E-03          264          257
  1417   0.27124499208532027E-03       133120        67584
  1418   0.43274997230780530E-03          257        67584
  1419   0.21667318123620786E-03          528        17408
  1420   0.21608403565472371E-03         6144         9216
  1421   0.34691867026933877E-03       262656        66048
  1422   0.27230398616651591E-03          258          264
  1423  -0.21768440474891944E-03           66       278528
  1424  -0.30672850757645654E-03         2064         1025
  1425   0.21418217756705445E-03        66560          257
  1426   0.27707128867581480E-03       262152        65544
  1427   0.37797101559278613E-03          258          257
  1428  -0.20393957974419215E-03        32769        16400
  1429   0.31667282055370012E-03       132096        67584
  1430   0.20148350561271405E-03       278528        81920
  1431  -0.24512644547942226E-03         2056         2050
  1432   0.20683570984306120E-03         4352         8448
  1433  -0.20179758979113488E-03        81920       278528
  1434   0.22302763520459616E-03        16896        16896
  1435   0.13552696922134011E-02        69632          768
  1436   0.20107317091091489E-03        65538         1280
  1437  -0.21616881969504194E-03        65537         1280
  1438  -0.20480451876389485E-03         4112         1536
  1439  -0.20089789505150731E-03         1025         1032
  1440  -0.20020726427963744E-03           10        24576
