           1  -55.683591879967707       -55.683591879967722               67  0.285679996    
           2  -55.683851648441632       -55.683851648441575               96  0.300946981    
           3  -55.684039162618461       -55.684039162618433              125  0.314186990    
           4  -55.688459729706707       -55.688459729706665              155  0.328096002    
           5  -55.693686444633158       -55.693686444633286              193  0.343633980    
           6  -55.703210286361823       -55.703210286361880              234  0.363860995    
           7  -55.705773890203929       -55.705773890203986              293  0.386285007    
           8  -55.708718151398386       -55.708718151398301              369  0.412845999    
           9  -55.710346249481390       -55.710346249481233              465  0.447920978    
          10  -55.716646260185257       -55.716646260185485              530  0.490751982    
          11  -55.751403538588107       -55.751403538587894              671  0.549434006    
          12  -55.759969569920244       -55.759969569920457              822  0.624113977    
          13  -55.767636027302714       -55.767636027302714             1015  0.713312984    
          14  -55.776470535278193       -55.776470535277994             1218  0.857555985    
          15  -55.785809941693557       -55.785809941693685             1467   1.02223599    
          16  -55.806327001425956       -55.806327001426112             1733   1.22115695    
          17  -55.811817943031897       -55.811817943031727             2086   1.52095902    
          18  -55.815457667008985       -55.815457667009667             2482   1.93292701    
          19  -55.825698883055793       -55.825698883055523             2933   2.46598721    
          20  -55.840405965754158       -55.840405965754286             2944   3.15658307    
          21  -55.854768567893927       -55.854768567893942             3444   3.86398315    
          22  -55.859380685747169       -55.859380685747240             3955   4.68808699    
          23  -55.864248314023783       -55.864248314023826             4548   5.91190195    
          24  -55.871761607182449       -55.871761607182165             5158   7.61574411    
          25  -55.875639754447604       -55.875639754447462             5864   10.0080643    
          26  -55.878294203728231       -55.878294203728728             6576   13.0778255    
          27  -55.907575196503018       -55.907575196503643             7065   16.9483318    
          28  -55.914883965020309       -55.914883965019683             7606   20.3022213    
          29  -55.920528593782564       -55.920528593783089             8295   24.2170258    
          30  -55.926005912108792       -55.926005912108877             3356   28.9200974    
          31  -55.933047940981794       -55.933047940981510             3816   29.9498310    
          32  -55.938234446197967       -55.938234446197754             4370   31.0768280    
          33  -55.940430041392034       -55.940430041391821             4941   32.3382225    
          34  -55.942594220416836       -55.942594220416922             5553   33.9486427    
          35  -55.946182168599606       -55.946182168599947             6214   36.1278229    
          36  -55.948516488176551       -55.948516488176224             6828   38.6500435    
          37  -55.952453111417142       -55.952453111417213             7506   41.8999481    
          38  -55.955143092514561       -55.955143092515570             8215   45.5059700    
          39  -55.956459731525129       -55.956459731524802             8995   50.0615845    
          40  -55.958475794584743       -55.958475794584800             8793   55.1763840    
          41  -55.959183408956903       -55.959183408957173             9472   60.2538223    
          42  -55.960078385694231       -55.960078385693748            10102   65.5429764    
          43  -55.961222079003832       -55.961222079004358            10757   71.6022415    
          44  -55.961859546339525       -55.961859546339170            11389   77.6418762    
          45  -55.962839005772935       -55.962839005772722            11988   84.8351898    
          46  -55.963629556598391       -55.963629556597837            12580   92.8208542    
          47  -55.964002499228215       -55.964002499228840            13127   100.935394    
          48  -55.964447851881928       -55.964447851881218            13698   110.188896    
          49  -55.965001941473645       -55.965001941474284            14211   120.209412    
          50  -55.965311023137048       -55.965311023137744            13960   130.347305    
          51  -55.965672807495380       -55.965672807495537            14480   139.765564    
          52  -55.965968313817712       -55.965968313818038            14936   149.092010    
          53  -55.966259524221613       -55.966259524221101            15369   158.835754    
          54  -55.966433075413079       -55.966433075413718            15833   169.173965    
          55  -55.966656219959489       -55.966656219958836            16271   179.627350    
          56  -55.966946709671575       -55.966946709671262            16675   191.509430    
          57  -55.967093461169881       -55.967093461170521            17038   203.527908    
