     1  -0.29078144073948716E-02          255          255
     2  -0.18326655938173970E-01          255         2287
     3  -0.13234147413243302E-01          255         8911
     4   0.37858869294066450E-02          383          703
     5   0.33158603959025103E-02          255         4447
     6   0.11267749751087512E-02          703         1247
     7   0.31527235616367166E-01          447          751
     8   0.17920329867040421E-01          447         1247
     9   0.31170504147030984E-02         1151         2287
    10   0.85362623177490521E-02          255         1263
    11  -0.83861736402425491E-03         4319         8415
    12  -0.15132019611861242E-02          255        12495
    13  -0.11843416426724287E-01          383         1215
    14   0.28583905597028606E-02          255          751
    15   0.17628419936855134E-01          255          735
    16  -0.36821348271220451E-03          255         8559
    17   0.68346004812573928E-03          255        10399
    18   0.26135454850937795E-02          383         2239
    19  -0.20292399330989877E-01          255         8383
    20  -0.68563224527637880E-02         1247         8431
    21   0.22688445442349869E-04          255         4719
    22   0.37629147077304647E-03          383         1263
    23  -0.15678355662111475E-01          255         4415
    24   0.33165839822032529E-02          703         4319
    25  -0.20261893209990549E-02          255         6351
    26   0.19885056482658550E-01          255         2399
    27   0.21111349436895533E-02         2287         2287
    28  -0.94278503349606995E-06          255         9375
    29   0.13872116606520166E-01          255         1375
    30  -0.81546259830640277E-03          383         4319
    31   0.15037678486002914E-02          255         8623
    32  -0.39538842718548359E-02          255         9423
    33  -0.26735733047964037E-02         1263         1263
    34  -0.62383864468165007E-02         1215         4319
    35   0.24133060891866351E-02          703         1263
    36  -0.17791080746878620E-02          255         4511
    37   0.32368880595435572E-01         1215         4447
    38  -0.18595535489630683E-02         4319         8431
    39   0.31760302174641841E-02         1247         2271
    40   0.79954731989290359E-02          255         1439
    41   0.10323637671989830E-01          255         2463
    42  -0.91037359568827952E-02          255        10447
    43  -0.62369658591168015E-03          255         3279
    44   0.17780063107447571E-02          255         4767
    45  -0.93146629572453572E-02         4287         8415
    46   0.18282973726102012E-02         2239         8415
    47  -0.16102169523913906E-02          255        12463
    48  -0.12132599561611807E-01          735         4319
    49   0.22699272715703258E-02          255         2735
    50  -0.71993245222243425E-03         2175         4335
    51   0.10117886055345455E-02          639         2287
    52  -0.12397067690286909E-02          383         8383
    53   0.24890729530746359E-02          255         2671
    54  -0.20183383731700203E-01          255         4287
    55   0.25745871129937495E-02          383         4287
    56   0.46481317002855854E-02          255         2367
    57  -0.16995980317701866E-01          479         1263
    58   0.38565479155081337E-03          255         6303
    59  -0.14718648491637331E-01          255          863
    60  -0.12667851882712668E-01          383         2287
    61   0.21968230681407379E-02          447         8415
    62  -0.53076741644865364E-02          383          447
    63   0.61193137789325022E-02          639         1263
    64  -0.50836934279410815E-03          255         8879
    65   0.79709589831236712E-02          383         2271
    66  -0.33520492660164339E-02         4287         4447
    67   0.76452460585511237E-02          255         9039
    68  -0.95406228811318260E-03          255         4783
    69  -0.14323459782965558E-02         1215         2271
    70   0.28636768844675273E-02          255         9391
    71   0.65388806556382112E-03          255         8863
    72   0.31680531380012468E-02          703         2287
    73   0.15691308270339645E-02          751         1263
    74   0.13951650546748236E-02          255         1695
    75  -0.25615900841021474E-02          703         4287
    76  -0.10340197600028656E-01          479         4719
    77  -0.98130993260563612E-02         2175         2287
    78   0.14543429921561406E-02          255         4527
    79  -0.73092088452493273E-02          255         4815
    80   0.12885383621108074E-02          255         2719
    81  -0.47121347457977627E-02         2239         8431
    82   0.11121815881812049E-01          639         8383
    83   0.11544194429236555E-02          703         8415
    84   0.11075487143760805E-02         4287         8383
    85   0.12593671830128399E+01          255          383
    86  -0.91343382384070481E-02          479          751
    87  -0.26547149558012626E-02          255         2767
    88  -0.65420105875553056E-02          255         1631
    89  -0.28343261041912939E-02         1215         1215
    90   0.15739075938258908E-02          255         4703
    91  -0.20340173699182370E-02          255        10415
    92   0.11339012549962389E-01         2175         8319
    93  -0.14045501335002537E-03          255         8543
    94   0.17948381979382397E-01         2175         4223
    95   0.35181976177319158E-02          447          703
    96  -0.97598406987449184E-02          735         4335
    97   0.92022672428278898E-02          255         1391
    98   0.70993426834533159E-03          255        10351
    99   0.38329437959600942E-03          255        10335
   100   0.36812568157604557E-02          735          751
   101   0.70080590775344429E-02          255         5215
   102  -0.42577163136497037E-03          255         6255
   103   0.30413549834753559E-01          255         5407
   104   0.38441563831966556E-03         4335         8431
   105  -0.45728800739250168E-02          255          975
   106  -0.11277635762267308E-01          639         1247
   107   0.33846407658995683E-03         1247         2287
   108   0.15131688883757385E-03          495          751
   109  -0.35617888543154124E-02          479          735
   110  -0.15168062966830155E-02          255         3231
   111  -0.14717943142049782E-02          383         4335
   112  -0.25909160197453152E-02          751         2287
   113   0.49821229726377484E-02          447         1263
   114  -0.17341623867373947E-01          255         4943
   115  -0.66478731416999351E-02         1247         8543
   116   0.22121670580350871E-01          639          735
   117   0.10484603337135192E-02         2239         2271
   118   0.31249613020930083E-01          383         1151
   119   0.80381967778291579E-02          735         1263
   120  -0.42972195816315742E-02         1151         8431
   121   0.85716891125571406E-03          751          751
   122   0.21240835919946154E-01          447         2271
   123  -0.68708018768859173E-03         4319         4335
   124   0.41537743557507811E-02          255         1455
   125   0.84737661516659957E-03         4223         8319
   126   0.39147030319110028E-02         2175         8431
   127  -0.12656911124720205E-01          447          479
   128   0.39767693224500682E-02          703          735
   129   0.73927252401355106E-02          735         8559
   130  -0.50460777712699724E-01         2239         8559
   131   0.12608329482159449E-02          255         8607
   132   0.29673719401956738E-02          735         2271
   133  -0.15306293485816153E-02          639          703
   134  -0.14309560224271846E-02          255         6319
   135  -0.49229784564074897E-02          255         1151
   136  -0.41360295841312558E-02         2175         4319
   137   0.57622352368399210E-02          479         2287
   138   0.64732342780376845E-02         1151         4319
   139   0.33787987006729772E-02         1151         4287
   140  -0.12435957323594858E-01          639         2271
   141   0.98181384780104616E-03          735          735
   142   0.16381110441993382E-02          383         8415
   143  -0.39929539572909779E-02         4287         8431
   144   0.63580385677451633E-02          703         4415
   145   0.17446439786497582E-02          255         1711
   146   0.17740723714808485E-02          255         3247
   147  -0.20328505690628940E-01          735         4463
   148   0.69919245218322702E-03          703         8431
   149   0.20605631492290090E-02         1247         4319
   150   0.35977321255272858E-02         1247         1247
   151  -0.41860230452964442E-02         1151         8383
   152  -0.10165252964088781E-01          447         1215
   153   0.84610261666382604E-02         1151         8319
   154  -0.28352643892474295E-02         1263         2287
   155  -0.23223187898883791E-03          383         8431
   156  -0.36122254985103408E-02          703         2239
   157   0.24394911476494042E-02          383         1247
   158   0.25543418021366795E-02          447         4335
   159  -0.68167624516670116E-03          639         8415
   160   0.23141563154712068E-02         1263         8431
   161  -0.21827174446710437E-01          639         2175
   162   0.12712789002361803E-03          255         5279
   163   0.16838496005339575E-02         1215         4287
   164  -0.25107475796450974E-04          255         5295
   165   0.59239138844901173E-03         2271         4319
   166  -0.34182705805970104E-03         4447         4447
   167   0.36129335723396458E-03         2399         2415
   168  -0.11123429746450308E-02         4319         4319
   169  -0.12577070590102230E-03         4335         4335
   170   0.65062710923179568E-03          703          703
   171  -0.13744928856463307E-01          735         8431
   172  -0.97400689779072805E-02          383          383
   173   0.89925623337832857E-03         2239         4287
   174   0.18519864428166208E-01         2175         2175
   175  -0.10722854293077615E-02          255         4463
   176   0.43197983382197759E-03         4415         4415
   177  -0.72247749136754025E-02         1151         8415
   178  -0.17239115930484947E-02         1343         1391
   179  -0.18520935380855832E-01         1215         8559
   180   0.38846008436869820E-03         2287         4335
   181  -0.10756633151025226E-02         1247         1263
   182   0.34308478120608546E-02         1215         4335
   183  -0.49043205848939980E-03          255         8799
   184  -0.28773262074337160E-02          735         2287
   185  -0.17190188905491916E-01          383         2175
   186   0.32350217570198225E-02         1215         2287
   187   0.69161125786729259E-03          703         2271
   188   0.56029940175843672E-02          255         1743
   189   0.34466572669796544E-03          255          831
   190  -0.70231007898300547E-02         1215         1263
   191  -0.22581238087990528E-01         1247         1375
   192   0.11164536882326999E-02         2239         2239
   193  -0.11374484762897363E-02          639         4335
   194  -0.72690685552552936E-03         4223         8383
   195  -0.34029050406498293E-02         1375         8559
   196  -0.63198767001905942E-03          703         4335
   197  -0.49133869704215047E-03         1215         2239
   198   0.16457342977425635E-02         1247         4335
   199  -0.23566863719842175E-02          255         9279
   200   0.61381223318750996E-02         1247         8415
   201  -0.54052995281086871E-03          383         6447
   202   0.70229041250371221E-02         1215         8431
   203  -0.82767515205786786E-03         8415         8431
   204  -0.25011008527084815E-02          703         8383
   205   0.23776197067303866E-01         1151         1215
   206  -0.13881536697953241E-03         8319         8319
   207  -0.13185307428046878E-02          751         4335
   208  -0.28721335037030761E-01          447          735
   209  -0.26027145051625731E-02         2271         8559
   210   0.38094499043422788E-03          831          831
   211   0.10183083021624594E-02          255        12351
   212  -0.80754466254952077E-03         1391         1391
   213   0.50884229984459496E-02         2239         4319
   214   0.12668331381954360E-02          383         6431
   215   0.35663672672816490E-02          831         1375
   216  -0.34452870159095876E-03          479          479
   217  -0.22872123683210827E-02         1215         8415
   218   0.43039452065797394E-01         2239         4447
   219   0.37564658799213663E-02         2367         4447
   220  -0.86801631138767551E-03          639         4223
   221  -0.20196055927003214E-03          495         2287
   222   0.52530152823500084E-01          703         2399
   223  -0.31972491314476502E-02          255         6239
   224   0.80723842964006993E-02          383          863
   225   0.15130161649406775E-02         1375         4463
   226   0.56475110838866407E-02          703         1215
   227   0.49016297704163707E-02          383         1375
   228  -0.56564419513185015E-03          383         2895
   229   0.75816660987107400E-02          383         2399
   230   0.11787712814020702E-01          735         2399
   231  -0.23277493757594783E-02          383         5407
   232  -0.37912531784610984E-02          255        12447
   233  -0.14660407678094097E-01          639         8319
   234   0.85594881853283725E-03         1343         2415
   235  -0.95699867553102561E-02         4223         8415
   236   0.19957708637596051E-02          863         1391
   237  -0.52062175146745425E-02         1343         4447
   238   0.26641364302524867E-03         4415         8511
   239  -0.14841043660385257E-01         2175         2239
   240  -0.36689767485203807E-02         2239         2287
   241  -0.22612764382391767E-02         4223         4287
   242   0.12118353285719980E-02         4287         4287
   243  -0.10710033078604375E-01         1151         1263
   244  -0.50155430383658954E-03          831         1391
   245  -0.11827768409003881E-02          879         2415
   246   0.45689726953952319E-03          255         8815
   247  -0.12848850611085762E-02         2367         4463
   248   0.32274128036996821E-02          447          447
   249   0.29682176637118192E-04          255         5327
   250  -0.36279097515770360E-03         2271         2287
   251   0.17981735727821236E-03         8431         8431
   252   0.23132754118033211E-02          863         2399
   253  -0.81763369112028016E-03          383         4911
   254  -0.22972026306871941E-01         1151         2175
   255   0.13673650760970019E-02         1343         4415
   256   0.92700124476081730E-03          383         5455
   257   0.19863568487467963E-02          735         4767
   258  -0.10264425547965219E-02         2271         8543
   259   0.16955141445578368E-02         1343         2399
   260   0.12325434177744052E-03         2271         4335
   261   0.83080600167423878E-02         1151         4223
   262  -0.33389835149104205E-02         2239         4335
   263   0.73162214416271792E-03          383         1871
   264  -0.24637720529151176E-01         1151         1151
   265   0.15726160558276306E-03          879         8911
   266   0.21223810451492433E-02          831         2399
   267   0.37179313040775538E-02          479         8815
   268  -0.25768919304678876E-02          383          639
   269   0.57155746820196788E-02          255         8511
   270  -0.20766442454637817E-01         2271         2399
   271  -0.11766477361253899E-02          863         2415
   272   0.53549480572290058E-03         8543         8543
   273   0.12381223646211832E-02          863          879
   274   0.40131864798567690E-03          831         8543
   275  -0.54657086525977622E-04         4447         4463
   276   0.50787571172615003E-04          383        12623
   277  -0.33682049929443706E-03          383         1839
   278   0.29117216908302289E-03          383         9007
   279   0.53796512524177026E-01          383         4223
   280   0.11524329970398694E-02          831         8559
   281  -0.78450126568708979E-03          831         4463
   282   0.27336717686446805E-02         4287         4335
   283   0.23999026706864695E-01         1247         8559
   284   0.16505289016566396E-02         4223         4223
   285  -0.11682534470974425E-03         2367         8543
   286  -0.27769224835899162E-02         2271         2271
   287   0.21524076993470650E-04          831         2415
   288   0.71216192391961866E-03          383         9503
   289  -0.25090085572780896E-02          863         4463
   290  -0.10016498460466426E-01          735         4447
   291  -0.38937085502131720E-02         1151         4335
   292  -0.10490701313105859E-02          831         1343
   293   0.55586237554807502E-03          879          879
   294  -0.94230346359067379E-03          495          495
   295  -0.84243935179063357E-03         2367         2415
   296  -0.25300658377194643E-02          383         4943
   297   0.85647584094737206E-03          831         4447
   298   0.18562740093039726E-01          255         9551
   299  -0.21362849550146996E-03         1695         1695
   300   0.41269491538814419E-02         1343         8559
   301  -0.51528308361962474E-02          479         4703
   302   0.17282635298014634E-02          383         9519
   303  -0.41166563287329919E-04          383        10527
   304   0.52694462796205497E-03          383         4895
   305   0.14840879669933301E-02          383         2847
   306   0.14592987061250729E-03         4463         4463
   307  -0.23761490017903796E-02         2367         8559
   308   0.20883233985932448E-02          383         1823
   309   0.33899875704459267E-03         8415         8415
   310  -0.12725670301177545E-02         1375         2415
   311   0.56542571888330683E-02         8383         8415
   312  -0.36175913081046658E-02         4415         8543
   313   0.19600347280539316E-04         4463         8559
   314   0.11570473511530290E-02         1343         8543
   315   0.13026984846057923E-02         2399         4463
   316  -0.96401192260596666E-01          703         1375
   317   0.11682173861571124E-02         1343         1343
   318  -0.44124412450376904E-03         8383         8383
   319   0.39111846309565117E-02          639         8655
   320  -0.16892248951483392E-03         4767         4783
   321  -0.61531498035765047E-03         8543         8559
   322   0.77677045807255242E-04         4447         8543
   323  -0.15091123448053397E-03         2399         4447
   324   0.59167681547966870E-02          639          639
   325   0.72461624647907541E-02         1151         9311
   326  -0.14781076259761451E-03         8511         8511
   327   0.18718416495647897E-03         8559         8559
   328   0.24236444422135049E-02         1375         1375
   329  -0.10053792837084480E-02          383        10543
   330  -0.72466594179607254E-03          383         3407
   331   0.31137672064448222E-03          383         2863
   332   0.11089456660549532E-02         2415         2415
   333  -0.74152221276272052E-03         2367         2367
   334   0.82723555151835323E-04          863          863
   335  -0.14821052753495655E-02         2399         2399
   336   0.26769536443345424E-04         4783         4783
   337   0.64291362437785254E-04         8543        12495
   338  -0.24019805706860359E-02          255          495
   339   0.43899642789170329E-01          255         2847
   340   0.16097000104042664E-01          447         5215
   341  -0.76569008621128962E-01          255         1823
   342   0.17155577018094087E-01         1151         4511
   343  -0.51176112435322905E-01          639         1439
   344   0.37290301650396276E-01          255         6431
   345   0.21901888579129121E-01          447         6239
   346   0.23111392501043469E-01         2175         4511
   347  -0.28973700129445428E-02          831         4415
   348  -0.39768153308699329E-02          383        10575
   349  -0.12679047030233828E-02          831          863
   350   0.33001472859369189E-02         8383         8431
   351   0.39584227288723059E-02         4287         8543
   352  -0.60808668579815581E-02         4287         8559
   353   0.35255628934305187E-02         2239         8383
   354   0.25392079154963040E-03          255         5183
   355  -0.14613951221000262E-01          703          863
   356  -0.14338837672798945E-02          479        10351
   357  -0.81892070816908105E-05          831        12495
   358   0.70700876045782859E-02          447         2239
   359  -0.17086575393479130E-02         4319         8911
   360   0.12200775361065892E-02          255         3183
   361   0.13603630953679445E-02          879         1391
   362  -0.82170435548736716E-02          383         2415
   363  -0.93957983642986082E-04          831         8863
   364  -0.10542150169981036E-03         4415        12447
   365   0.66426656235146819E-01          255          703
   366   0.20848966354813786E-02          383         2511
   367  -0.50490063454428073E-01          383         8559
   368  -0.11069263140495722E-01         1247         4527
   369   0.68380705309558786E-03         1247         1487
   370   0.16121193650689151E-01          383          831
   371  -0.35066981586892088E-01          639         1215
   372   0.46702000862906511E-02          255         9615
   373   0.12148250969536348E-01         1151         8655
   374   0.85850361245327943E-03         1151         1375
   375  -0.47533562552053068E-02          383         1343
   376   0.60281073221551580E-02         1215         4511
   377   0.10160605646593174E-01         2239         4703
   378   0.33016063397072310E-02          479         4335
   379   0.11143338992752588E-01         2175         2511
   380  -0.62647253426317473E-02         4319         4511
   381   0.53392624501512175E-02         1151         8511
   382  -0.99651074269605563E-02          255         1487
   383  -0.15716063132280783E+00          255         4319
   384   0.25654169044810713E-02          639         4415
   385   0.30378654444829195E-02          447         3279
   386   0.48323139960490796E-02          255         2239
   387   0.27847602963085765E-02         2271         4511
   388   0.53334902309702939E-02         2175         8415
   389  -0.12402852411591902E-01         2271         8431
   390   0.47048616547197934E-02          479         2271
   391   0.42712560288898826E+00          255          447
   392  -0.51110404937959389E-01          703          831
   393   0.10044377261938164E-01          447         8383
   394  -0.45317483336735362E-02          447         4319
   395  -0.52976147736835566E-01          255          479
   396   0.54649847250544739E-03          447          863
   397  -0.37426577610383170E-01          751          879
   398  -0.13835630319927303E-02          255         1343
   399  -0.87858882097412638E-03          479         4767
   400   0.69343828411578875E-02          255         2415
   401  -0.64578071614543684E-02          639         2399
   402  -0.14200538253236954E-02          479          879
   403   0.21607371899497786E-01          383         4511
   404  -0.12811018211961523E-02          447         1343
   405  -0.10205945272711505E-01         1151         2271
   406  -0.48657284723718261E-01          703         8559
   407   0.92154792283178910E-02          255         4223
   408  -0.11119061810295097E-02          447         5327
   409   0.60931619125810781E-02          479         1711
   410  -0.35667451800255380E-02         2271         2655
   411   0.21999720964775363E+00          255          639
   412  -0.10467645531194555E-01          447         1695
   413  -0.48701246566368504E-01          735          879
   414  -0.23596829506067816E-01          639         4287
   415   0.52416271140865323E-02         1151         2367
   416   0.28609826198678994E-02          479         8415
   417   0.83136634449897783E-02          383          735
   418  -0.87688905482603413E-02         2239         8815
   419  -0.24796680462065672E-01         1215         2399
   420  -0.18822522838550730E-01          383         1695
   421  -0.12949541306047673E-01          703         4511
   422   0.62226340914734333E-02         2239         4511
   423   0.13382702806281645E-02          479         1391
   424   0.45340582317588182E-01          383         4463
   425  -0.65776549291661083E-02         4223         4319
   426  -0.11195008886714685E-01         4319         8543
   427  -0.83982513051198110E-03         1391         1455
   428  -0.48813446762150077E-02         1247         4447
   429   0.17730381236161050E-02          383         4559
   430  -0.12942280103099581E-01          383         4527
   431   0.49971203013119588E-01          255         2175
   432   0.16461694018659800E-02          447         5295
   433  -0.10469193484859479E-01          383         4415
   434   0.11541368067120425E-02          447         4415
   435   0.27097472348394289E-02          639         1343
   436   0.44306441863741837E-01         1247         2415
   437   0.22369699694246158E-02          383         9279
   438  -0.15970501531062653E-02         1247         2463
   439   0.10657806164409497E+00          703         4463
   440   0.63097364795592498E-02         1215         2511
   441  -0.43281189043270434E-01          255         9007
   442   0.17898532670799349E-02          479         8911
   443  -0.17837618492698364E-01         1151         2479
   444   0.43654197114076755E-02          447         6303
   445   0.86985455145026820E-02          255         3135
   446   0.31941662709937921E-02          735         2463
   447   0.21984851778965517E-02         1151         1247
   448   0.44632791307173446E-02          639         4319
   449  -0.67089090466993101E-01          703         4447
   450  -0.17560249742529430E-02          255         5007
   451  -0.27414539352078153E-02         1263         2479
   452   0.91074514682036190E-02          703         2463
   453   0.15791630880847326E-03          447         1391
   454  -0.57207417728056412E-02          255          879
   455  -0.99814092938139403E-02          447         4447
   456   0.29831486882901568E-02          255         2511
   457   0.72562136416788577E-02          255         2479
   458   0.12951580364055866E-01          383         8623
   459   0.20867364880034528E-02         4415         4511
   460  -0.25802271909347563E-03          447          831
   461  -0.28992288298293391E-02          447         9391
   462   0.48902371614439853E-02          703         2511
   463  -0.10959064829294483E-01         2175         4287
   464   0.22679076622072178E-01          479         3183
   465  -0.16707456648325739E-01          447         8543
   466  -0.15476271163422626E-01         8415         8543
   467  -0.80785282894370244E-02          255         2655
   468   0.14254387857589865E-02          447         8431
   469   0.32040328912654618E-01          255         3407
   470   0.32306179471349692E-03          447          879
   471  -0.17634552841930669E-01         1215         4415
   472  -0.46697158976761620E-03          383          943
   473  -0.44513342666250549E-02          255         1247
   474   0.78639423348489182E-02          703         1487
   475  -0.72988559205417062E-02          447         4767
   476   0.34093038663519169E-01         2239         2415
   477  -0.22128017499324058E-01         1215         8543
   478   0.48980277231078844E-02          479         8431
   479  -0.16772143645114152E-02          479         1247
   480  -0.17464642758814798E-01          735          943
   481  -0.89976877783593343E-02         4223         4415
   482  -0.48478937151106285E-02          479         9311
   483   0.58649256440047861E-02         1215         4703
   484  -0.33427167892973717E-02         1247         8863
   485   0.93685935984040181E-01          255         4911
   486  -0.28844939921980070E-02          479          495
   487   0.56460820528122235E-02          639         2367
   488  -0.34934598620655066E-02         4287         4559
   489   0.43808834452401793E-02         2239         6351
   490  -0.40771729276157850E-02         1247        12447
   491  -0.21903379795593800E-01          639          751
   492   0.66663942330486968E-03          639         8511
   493   0.23304742865335303E-02         1247         1455
   494  -0.61862316208927993E-02          255         6207
   495   0.66451044948105248E-02          735         8911
   496   0.39053690626944088E-02         2239         6303
   497  -0.12371468509664960E-02         1247         8607
   498  -0.16544243120658438E-01          703         1439
   499   0.99235444925474502E-02          255         3471
   500   0.38598757028537852E-02          383         5007
   501  -0.75335346619883024E-02          255         4671
   502  -0.88416242116295136E-02          447         5183
   503   0.68868363896960180E-02          479         3247
   504  -0.84268237473939314E-02         1215         9423
   505   0.73554336089287266E-02          751         8911
   506  -0.79304704700842669E-02         1247         1439
   507   0.11957543900681950E-02          479          943
   508   0.14699106322080688E-01         1247         2479
   509   0.48654193967306893E-02          703         8815
   510   0.61613546722500898E-02         4335         8623
   511   0.10990206475049290E-01          255         2959
   512  -0.20190698079153374E+00          255         8415
   513  -0.20678598114665769E-01          255         3359
   514  -0.12617455105866978E-01          255          927
   515  -0.11023828102120940E-01          751         1391
   516  -0.36081476131692466E-02         4319         4719
   517   0.84559230647669528E-01          255         4335
   518   0.28332103262308801E-01          639         2239
   519  -0.13327710472107263E-01         8383         8511
   520   0.44393092942151746E-02         2287         8431
   521   0.53681506633182835E-02          383         1391
   522  -0.28941476630534188E-01          383          751
   523  -0.84298591389109487E-01          255         8431
   524  -0.43881015490754875E-02          447        10399
   525  -0.57105230892850181E-02         4287         4815
   526  -0.23927659933276400E-02         8415         8863
   527  -0.16476886303956811E-01          255         9519
   528   0.67221939989265895E-02         4335        12495
   529  -0.33952491783136893E-02         2271        12495
   530  -0.73505288466906901E-02         2271         2463
   531  -0.85659928227565466E-02          447         9327
   532  -0.58214303384335371E-02          383         3231
   533  -0.10485475815441960E-02          383         4703
   534  -0.22814246779767813E-01          383          479
   535  -0.22280833573163641E-02         2175         8511
   536  -0.27868874419953835E-02         1215         8623
   537  -0.38442943426464100E-01          735          863
   538   0.69782907304081097E-02          255         8319
   539   0.95949900994060332E-02          255         5423
   540  -0.54907264383059744E-02          735         2671
   541   0.52792241633187473E-02         1247         2671
   542  -0.53690322729131176E-02          735         8415
   543   0.10148543319522990E-03          703         8655
   544   0.39181414594537745E-02          639         8799
   545   0.49777704848112999E-02         2287         6351
   546  -0.22483875143038071E-02         4223         8431
   547   0.17373196470777392E-03          703          927
   548  -0.78601837796348245E-01          383         4447
   549  -0.20263920085149415E-02         1247         4511
   550  -0.40715931210643768E-03         1215         1487
   551   0.27571597259131099E-02          447         2767
   552  -0.23742920349278675E-02          479         4783
   553  -0.63233508177617985E-02          383        10415
   554   0.19321068862854884E-02         2175         2671
   555   0.65557139392765631E-02         1247         8623
   556   0.34859270143037090E-02          703         8879
   557   0.10699828562735722E-02          447         8623
   558  -0.50455174119404238E-02         1215         2479
   559   0.62448253036456632E-02         2239         4415
   560   0.37615126148207978E-02         1151         8543
   561   0.28267959805923247E-01          639         2463
   562   0.98998409899810806E-03          831          927
   563   0.38155356587070513E-02         2175         8559
   564  -0.35990574979167683E-02          479         5215
   565  -0.46596726930142225E-02          735         4527
   566  -0.61297937492106984E-02         1215         4559
   567  -0.21916623609408985E-01          447         8815
   568  -0.32788540471697936E-01          255        10527
   569  -0.39913248305469594E-02          479         4319
   570  -0.52712977717911495E-02          255         3167
   571   0.12886445817624692E-01          479         9327
   572  -0.83751101993408718E-02          255         8991
   573   0.51551973220965623E-02          255         1647
   574  -0.44997326942423452E-02         1215         2463
   575  -0.11155902939178287E-02          447        12463
   576  -0.23536396132432550E-02          255         5231
   577   0.77948035848231572E-02          383         6319
   578  -0.87072672358027366E-03         2399         4511
   579   0.75450547034659006E-03          383        10335
   580  -0.19715040934487954E-02         1151         1647
   581  -0.12019349984749206E-01          255        12623
   582  -0.61436503862302101E-01          255         4895
   583  -0.15288751900887916E-02          495         3247
   584   0.10877822125391803E-01         1215         2367
   585  -0.74892705932504541E-02         4287         4319
   586   0.35895317268196257E-02          639        12495
   587   0.19752730014554478E-02         1375         8623
   588  -0.14520898977511435E-02          735         4511
   589  -0.78000461995224981E-02         1215         1455
   590   0.89434013488478622E-02         1247         1391
   591   0.40909081348511995E-02         1215         8383
   592   0.15030127677104447E-02          943         4783
   593  -0.13573965823062388E-01          751          943
   594   0.17888115963139977E-01          479         2671
   595  -0.19600357001824764E-02         4287         6207
   596   0.78458217216638617E-02          703         6239
   597  -0.90627494786878551E-02         4319         8607
   598  -0.21354731863969505E-02         4415         8559
   599  -0.93613300381098833E-03          479         4447
   600   0.48787160618745150E-02         1215         5279
   601   0.44143585832362555E-02          735         5279
   602  -0.13340413707367996E-01          447         3167
   603  -0.31730392289432571E-01          447         4703
   604  -0.67224953652631706E-02         4335         4527
   605  -0.11422030348873758E-01         4319         8559
   606  -0.12033391199622835E-01         1151         8607
   607   0.40810139961935901E-01          735         2415
   608   0.23353124479498628E-01         2271         2415
   609  -0.59461877241539993E-02         4319         4527
   610  -0.29127745187214971E-02         8543         8655
   611  -0.17494066991412597E-01         2175         8607
   612   0.30816402849610223E-02         8319         8431
   613  -0.58986201150566537E-02         1247         2399
   614  -0.21332755751440799E-02         4415         4447
   615  -0.13343970804732199E-01         4319         4463
   616   0.12916380384378777E-01          255         8655
   617  -0.23400147648288895E-02          703         8607
   618   0.17709434293494121E-01          703         4527
   619  -0.94705914636127857E-02          703         4719
   620  -0.29035460749806757E-02         8383         8767
   621   0.57490599865334365E-02          383         8863
   622  -0.48467798194423333E-02          383         9039
   623   0.57950126375990105E-02         2175        10335
   624   0.50325889818961791E-02         4287         8767
   625  -0.50493599597951902E-02         2287         2671
   626   0.27457948875777619E-02         4447        12623
   627  -0.86787423342224827E-02          703         8623
   628   0.13940097501943453E-02         2287         2511
   629  -0.94452758331677121E-03          383         1455
   630   0.12117406081991102E-01          735         1455
   631  -0.32290501003648366E-01         2287         2415
   632   0.14158309174771766E-02         1215         1247
   633   0.54270228110600864E-02          479         2655
   634  -0.33281028900304169E-01         1215         2415
   635  -0.15998331450949102E-01          447         3183
   636  -0.86583412746091080E-02         8415         8607
   637   0.64054390628544349E-02          703         4767
   638   0.24261424038638907E-02         2415         6479
   639   0.26907934871019598E-02          255        12399
   640   0.15348463003324248E-02          447         8511
   641  -0.14018635742804019E-01         4319         4447
   642  -0.16022725856342311E-01          447        10335
   643  -0.93226157080591333E-02          639          831
   644   0.62684206057494717E-02          863         4527
   645   0.12956594922093043E-01          735         2479
   646   0.15324307060465539E-01         4335         8559
   647   0.17472664044496334E-02         1215         4527
   648  -0.32855136753495990E-02          447         9375
   649  -0.39130416338628102E-02         4335         4719
   650   0.10568614102551366E-02         2271         8655
   651   0.19855730863548174E-02          479         2415
   652  -0.26273554485678457E-02          383          975
   653   0.14055819212835793E-01          639         1151
   654  -0.15614431603956215E-02          479          863
   655   0.55229966590331740E-02         1151         5215
   656   0.47696330768305165E-02          255         8767
   657   0.25461029625486496E-01         4287         8511
   658  -0.74018516496823176E-02          639          927
   659   0.36998487510861468E-02         2399         8543
   660   0.68208512861551449E-02          703         4703
   661  -0.17715378310467237E-02          447         3231
   662  -0.24928588201931615E-01          447        10351
   663  -0.65049590827742634E-02         4287         8911
   664  -0.10504174133327071E-01          639         4559
   665  -0.13329970521606174E-02          255        10303
   666   0.61571563443175341E-03          383         2367
   667   0.62455610277684461E-03          735         8623
   668  -0.27946229172226989E-02          447         2415
   669  -0.11159498474008094E+00          383         8543
   670   0.24678425552116863E-01          447         2655
   671   0.57469112944183920E-02          383         9423
   672   0.27933754711976875E-01          255         2271
   673   0.21022962145119703E-02         2175        10351
   674  -0.92877353344539824E-03         1375         4511
   675   0.63173778299237485E-02         2239         8911
   676   0.13711874544750568E-01          703         1343
   677  -0.50777256247978870E-02          495         1647
   678   0.81207756732964501E-02          639         4447
   679   0.32250724657328866E-02          383         2767
   680  -0.42580801590668491E-02         2175         4447
   681   0.12395601166973326E-02          751         1487
   682  -0.82100500763417957E-02          255         5519
   683  -0.39373154478354044E-02         8543        12623
   684  -0.40006862479427018E-02          703         2655
   685   0.65575126280455337E-02         1215         9375
   686   0.23502291512955721E-01         2271         4463
   687   0.20300776906316135E-02          383         1487
   688   0.85748697761104319E-03          255         9103
   689   0.20056357220261368E-02          495         8911
   690   0.28761365271459472E-02          255         3663
   691  -0.10285475122074419E-02          447        12575
   692  -0.45534824764447590E-01          447         1631
   693   0.36801305479337316E-02          863         9039
   694  -0.82375890818039033E-03          447         2399
   695   0.35666307942864564E-02          479         9391
   696   0.54435048292805115E-02         1151         4527
   697  -0.68984593917996136E-02          255        12591
   698   0.50656920527843444E-01          447         4719
   699  -0.53018571241344424E-02          255        12687
   700   0.10130175798543238E-01         1215         4463
   701  -0.15734224403819521E-02          751         8655
   702   0.35455713994250741E-02          735         3183
   703  -0.41278640334237639E-02          383         2463
   704  -0.56059746840129224E-02         2239         8607
   705   0.10621165589528260E-01          255          943
   706  -0.34812457449701274E-01         2239         2367
   707   0.57666855077091383E-02         2239         2479
   708  -0.50206165477137263E-02          863         8559
   709   0.31372987356766057E-02         2399         8623
   710   0.75691140324229741E-02          703         1455
   711   0.53598840423216443E-01          255         6447
   712  -0.72574910642351368E-02         1215         1599
   713  -0.63261097754300898E-02          383         8799
   714  -0.13512571435491320E-02          479         8543
   715  -0.21480701231179247E-01          751         2415
   716  -0.24447627997070580E-02         2175         6255
   717  -0.30980638395788514E-01         4287         4415
   718  -0.15046909486653296E-01          255         1599
   719   0.23804712259711927E-03         2175         8383
   720  -0.29045787990440810E-02         1151         5231
   721   0.21830869283194169E-01         1151         2511
   722   0.32200406293882933E-01         2175         4527
   723  -0.77845915581754670E-03          927         2735
   724   0.30408803372860213E-02         2239         2399
   725   0.63306067016223443E-02          479         2735
   726  -0.55662880155991678E-02         4223         8655
   727  -0.26585510725053458E-02         4415         4527
   728  -0.20434681466602534E-01          255         9503
   729   0.16478673318110263E-02          383        10351
   730   0.28401697611283626E-02          447         1375
   731   0.16656728652291975E-02          383         1439
   732  -0.27373384640611391E-02          479         3167
   733   0.38562229117958764E-01          255         1839
   734   0.12067663610872236E-01         2239        12495
   735   0.41703422427044820E-01          447          495
   736   0.10959053679048718E-02          863         1455
   737  -0.23928468938057921E-02          383        12575
   738   0.28933804233304003E-02         2271         4767
   739   0.59007832368065186E-02          447         1599
   740  -0.23887015845145059E-01          639          975
   741  -0.48286453316018683E-01         1215         1391
   742  -0.13172328734664028E-01         1151         2463
   743   0.18593853156592007E-01          703        12495
   744  -0.38665134488497172E-02          479        12447
   745  -0.39643290645315866E-02          479         5295
   746   0.39426087325229947E-02          255         5663
   747   0.86144120179113611E-03         2399         2463
   748  -0.43715726472712850E-02         4287         6351
   749  -0.55028192524990832E-02         2399         8559
   750  -0.24600160723115914E-01          447         4287
   751   0.40133785602382600E-02          383         5279
   752   0.95529889038517939E-02          831        12623
   753  -0.41522841755236755E-02         1215         2671
   754   0.33315815633216589E-01          255         2895
   755   0.66547719994986473E-01          383          495
   756   0.76935947633432155E-03         2415         2479
   757  -0.18388790401733450E-02          383         9551
   758  -0.16110921021287459E-02         1375         4527
   759   0.11725421286362789E-01          255         1935
   760  -0.59729336357990720E-02          639         4783
   761  -0.13738121929384273E-02         1343         4527
   762   0.37140617925235458E-02         1263         9423
   763   0.33049462045046567E-02          735        12447
   764  -0.16793476334292085E-02         1151         9375
   765  -0.60969499395443468E-02         2239         2623
   766   0.62151104689217660E-03         4287         8607
   767   0.13366818096581423E-02          479         6303
   768  -0.68948833471025577E-02         1215         5327
   769  -0.57176811853246216E-02          447        10415
   770   0.54615540465155219E-02          447         4463
   771  -0.10856313293225698E-01          383         2735
   772   0.10610768897085602E-01         1151         2239
   773   0.44950247947189948E-02         2287        10447
   774   0.11476194035263041E-02         2175         4415
   775   0.16703467996718614E-02         2415         4527
   776  -0.43138520076101980E-02         1343         9039
   777  -0.36078294952797073E-02          383         4815
   778  -0.11420108480180959E-01         2287         2479
   779   0.62877530239484813E-02          383        13071
   780   0.25260896829425806E-02         4223         8511
   781  -0.97440892741242364E-02          255         1215
   782  -0.11570401152071106E-02         4511         8911
   783  -0.10070020492768140E-01          703         2367
   784   0.30767983937578522E-02          447         6207
   785  -0.74137212699312296E-03          479          927
   786   0.91569570648539417E-03         2479         2767
   787   0.44265443303831966E-02         1247        12495
   788  -0.17095197263381414E-02         2399         8607
   789  -0.13263984753314662E-01         8431         8559
   790   0.94904527204966536E-02          255        12383
   791  -0.17972866146091896E-01          383         8319
   792   0.17882905297014399E-02         2175         2463
   793   0.10111264170916092E-01         2271         4527
   794   0.15169224275271747E-02          863         8607
   795   0.21329818711651001E-02          495         1263
   796  -0.49983407091656199E-02          447         2735
   797   0.45798351163326069E-01          703         1391
   798   0.45228847543618391E-02          447         1743
   799   0.10372905977682499E-01          447         4783
   800   0.14658827722153484E-01          447         2287
   801   0.15920441955383237E-02         1343         4511
   802  -0.99920822921446394E-03         2399         2511
   803   0.32664699961082724E-02          863         4511
   804   0.27679597216502374E-02         8559        12623
   805  -0.27552274660886363E-02          383         2655
   806  -0.93368386249485758E-03          879         2479
   807  -0.59298379986516122E-02          703        10447
   808   0.33296126904668604E-02          447         6351
   809  -0.15581686779732316E-02          495         4335
   810  -0.28041786681193338E-02          703         1647
   811   0.15998041724538203E-02          479         2719
   812  -0.13130234143089174E-02          495         8431
   813   0.27668917384478124E-01          383         8607
   814   0.24403296974569045E-01          639         1455
   815   0.19863999096707491E-02          479         4911
   816   0.12397947827829487E-01          383         3279
   817  -0.96557404684470820E-03         2271         2511
   818   0.54008773614004748E-02         2239        10447
   819   0.44445913215734401E-02          735         9375
   820   0.10388842002412365E-02         4415         8607
   821   0.13170478825989568E-02         4287         4527
   822   0.26871846599869839E-02         1375         8543
   823   0.21178904751773934E-02          383         3135
   824  -0.47047297728414579E-02          255        12879
   825  -0.70664740281045080E-02          639         1391
   826  -0.36204364125265328E-02          735        10399
   827   0.78805706164476880E-02         8415         8623
   828   0.17522329161849223E-02         2415         8559
   829   0.83842703535093807E-02          255         4559
   830   0.10121298540424399E-01         2271         4447
   831   0.85382325617368640E-03          927         4767
   832   0.34981576283637399E-02         4463        12623
   833  -0.81466692535210692E-02         2239         8623
   834  -0.13260290613958234E-02          495         2415
   835  -0.11324447570381299E-02         2287         8655
   836   0.89994738835789934E-03         2415         4559
   837   0.15856061754501147E-01         8415         8559
   838  -0.11534062776298136E-01          383         8511
   839   0.35496674980367844E-02          639         4703
   840  -0.29752869341989306E-02         4287         8655
   841  -0.27249762700310935E-02         4319         4767
   842  -0.25915382865024689E-02          735         2655
   843  -0.99710871210329302E-02         1263         2415
   844  -0.51751871512708452E-02          495         3183
   845   0.21623168965656237E-01          447         1647
   846  -0.10441846107379280E-02          751        12687
   847   0.38218457328287273E-02         2175         8543
   848  -0.10006431851837694E-02          735         4559
   849  -0.88393875937404045E-03          495         1391
   850   0.36694914011985058E-02          751         6351
   851  -0.14757894858621707E-02         1375         8607
   852  -0.84028850186127040E-02         1263         1455
   853   0.77947267169701821E-02          383         1711
   854  -0.35177150258217507E-01          639         4511
   855   0.57803455232572250E-02          447         3135
   856  -0.66015129523152027E-02          383         5327
   857  -0.87319950725554775E-03          479         3231
   858  -0.22156352403609491E-02          447         4527
   859   0.80925511455592972E-02          255         6543
   860  -0.11000842882456844E-02         1375         1487
   861   0.49527572389709206E-02          447         5231
   862  -0.32375574279953374E-02          703         3167
   863  -0.45768425176880220E-01          255        10543
   864  -0.44358642557521026E-01          255         2863
   865  -0.15299865697311695E-02          751         4527
   866  -0.22045268954827943E-02         4335         4783
   867  -0.62432934877224453E-02          479        12399
   868  -0.74812529361934603E-02          751         2479
   869   0.93416879860221957E-02          255         6687
   870  -0.78480675734848224E-02         4319         8799
   871  -0.52338694371666652E-02          863         4447
   872  -0.43025515660739342E-02         2175         2415
   873  -0.44636873794390410E-02         4319         4783
   874   0.13338766688210271E-02         8559         8655
   875  -0.23747326983610820E-01          255         3375
   876   0.78190648118135059E-02          383         2719
   877  -0.26799371706483107E-01          447         2671
   878  -0.50166995575837772E-02          447         2623
   879   0.53185959504296436E-02         2271         4719
   880   0.99257901343651252E-02         2239         4527
   881   0.25056772363479744E-01          255         1871
   882  -0.42485156149572274E-01         1215         1343
   883   0.31404255554755997E-01          735         1391
   884  -0.47460367722799140E-02          447         8879
   885   0.80584561147787823E-02          703         8863
   886   0.51006899583161628E-02         2239        10399
   887  -0.19141356303683958E-01         4335         4463
   888  -0.32035139429789541E-01         1247         4463
   889   0.11655278963742638E-02         2415         2511
   890   0.72442962058616740E-02         2239         4559
   891  -0.76467429968478232E-03          383         5183
   892  -0.33290641228055904E-02         1151         4415
   893   0.18529446262743590E-02          927         4783
   894  -0.16549160069283309E-01         1151         4559
   895  -0.54060201645927820E-01          703         2415
   896  -0.63696486421705740E-02         4223         4559
   897  -0.96188572464254833E-03          383        12591
   898  -0.54100511342563291E-02          479        12383
   899  -0.90280568913853390E-03         2399         4527
   900  -0.58550099007100460E-02         1215         8911
   901   0.58986354168529568E-02         2239         2671
   902   0.62359017659705616E-02          447         6319
   903   0.37385330811843458E-02          447         5279
   904   0.84418220188383786E-02         2239         4719
   905  -0.51081838244714855E-02         4319         4703
   906  -0.45445039633270987E-02         1247         9391
   907  -0.10845572587829640E-01          447         9311
   908  -0.24778465775913026E-02          703         9327
   909   0.82370172985476585E-03          383         3359
   910   0.55855131086886244E-01          639         4527
   911  -0.16474282108736280E-01          479         5231
   912   0.18038178045997149E-01         2175         2479
   913  -0.46225753327781916E-02         8431         8623
   914   0.40316383300923698E-02         8415         8815
   915  -0.14228742661565612E-02         4447         4559
   916   0.15560880966636417E-02         8319         8415
   917   0.11811139533518262E-02          831         8655
   918  -0.54622390253829672E-02         2239         8799
   919  -0.29017491191298873E-02          255         9775
   920   0.88612218255407042E-02         2271         2479
   921   0.10986060946548532E-02          383        12351
   922   0.30038811860626366E-02          383         2623
   923   0.19791189904088156E-01          639         2511
   924  -0.32129020474406050E-01         2239         8543
   925   0.33368444846064048E-02         1151         2415
   926  -0.48307627094957223E-02          383         1647
   927  -0.33821728923122559E-02          495         2735
   928   0.47637550344520737E-02          863        12591
   929  -0.13534656452445348E-02          383         4719
   930  -0.29613584260331596E-02         2175         4463
   931   0.14400550911556285E-01          479         1647
   932  -0.22679268424360154E-01         1263         1391
   933   0.61006618715196215E-02          255         6703
   934  -0.15347120674532252E-02         4223         4511
   935  -0.28668644642078349E-01          639         2479
   936   0.82070093011948741E-02         2271         8415
   937  -0.58899912799694363E-02          255        10783
   938   0.11184693791023658E-02          447         4511
   939   0.24390437136627631E-02         4415         4703
   940  -0.10302346741416333E-01          495         2671
   941  -0.21780519420182124E-02          639         8607
   942   0.40697933451422121E-02         2367         9039
   943   0.23183395003247044E-02         2767         2895
   944  -0.16647441745021465E-03          447         8607
   945  -0.26897281310036419E-01         2175         8623
   946  -0.42559718579540697E-02          735        12383
   947   0.21178785238321332E-02          383         9103
   948  -0.79789283282263659E-02          639         4463
   949   0.39970110959565864E-02          479         6319
   950  -0.40954606861353070E-02          703         4783
   951  -0.31053805560511873E-02         1215         8815
   952  -0.27616060855744527E-02         1215         4671
   953   0.57049803464826136E-02         2239         2511
   954   0.28774639130132308E-02          751         4815
   955   0.24866996585192441E-02          703        12351
   956  -0.83956708354190231E-02         1215         1647
   957  -0.36138600179559783E-02         4319         8623
   958   0.19185679781202421E-02          751         8431
   959  -0.65204205082263220E-02         4287         4671
   960   0.86246315336362502E-03          879         1487
   961  -0.27353707237989236E-02          831         1487
   962   0.27943488566725908E-02          495        12463
   963  -0.10482181300105376E-01         2175         2367
   964   0.75891286454835881E-02          703         1631
   965  -0.46969917509844207E-02          751         4463
   966   0.94806569666159115E-03         4287         4511
   967  -0.81687628158894372E-02         8415        12495
   968   0.61357317134914302E-02         1151         1391
   969  -0.16468027361699719E-02         2287         2735
   970   0.34869564196588353E-02          703         2671
   971  -0.52427928858231913E-02         2271        12447
   972  -0.40025450479674578E-02         4415         9039
   973  -0.59340862202659746E-02         2287         4463
   974   0.43300540440547484E-02         1151         1487
   975  -0.89644272794499082E-02          703         2479
   976  -0.21489615857628493E-02          879         4719
   977   0.15731831768052457E-02          879         2511
   978  -0.18241132206382211E-02          447        10447
   979  -0.74173368787046811E-02          447         8559
   980  -0.20719844819986821E-02         2415         8623
   981  -0.30229168934180969E-02          703        10335
   982  -0.33674331614482991E-02         1343         9551
   983  -0.69093426287188319E-02          703          751
   984   0.48316561106618756E-02          703         9423
   985  -0.32806989397140504E-02         2175         8863
   986  -0.36125786729114600E-02          703        10351
   987   0.32427558186111901E-02          639         1695
   988  -0.62652277584045856E-02         1247         4719
   989   0.19981923078776680E-02         1215         8655
   990   0.82544149272336387E-02          735        12463
   991  -0.26172706346094640E-02         2271         6351
   992   0.96409973901035730E-03         8607        12447
   993   0.21897838536179054E-02          703         5215
   994   0.46181494030560228E-02         8383         8655
   995   0.15978220426697389E-02          383         2479
   996   0.34021340031456754E-02          639         8559
   997   0.46048375194838419E-02          447         1711
   998  -0.16909929922606646E-02          831        12687
   999   0.22774738328924945E-02         2287         6319
  1000   0.25886304237001316E-02         8511         8543
  1001   0.12631767474960484E-01          447        12351
  1002   0.59251831350100523E-02          447         2719
  1003   0.15587022689846386E-01          255         6479
  1004  -0.28013775059323805E-02         4447         8655
  1005  -0.21466591795478137E-02          863         2479
  1006   0.31536744599222509E-02          831         4895
  1007  -0.71315666129387785E-02          255        10799
  1008   0.92203800897937300E-02          255        14479
  1009   0.10382249571948047E-02          703         4559
  1010   0.11636787100490209E-01         2175         4559
  1011  -0.31720702405197954E-02         1215         8607
  1012  -0.17304761866164164E-02         2367         2479
  1013  -0.29257080598793666E-02         4287         9375
  1014  -0.15978451155191928E-02          447        10575
  1015   0.22025982237013292E-02         4223         4335
  1016   0.12079029435714633E-01          479         6255
  1017   0.26321851428331750E-02          639         8879
  1018  -0.29025027699151142E-02         8431         8815
  1019  -0.28285038367477336E-02          383         6239
  1020   0.29620035087071458E-02         1151         9327
  1021  -0.23990717733090991E-02         2239         6319
  1022  -0.19466359350649740E-02          447         9039
  1023   0.18930781505579642E-02          831         4559
  1024   0.53585509785644631E-02         8431        12495
  1025   0.26369726535880275E-02          447         9423
  1026   0.57991945594034876E-02          479         6239
  1027  -0.13629576937853494E-01          735          927
  1028   0.18592349829380625E-02         1375         2399
  1029  -0.24645515059864884E-01          255         5455
  1030  -0.38428730636648981E-02         1263         1647
  1031  -0.88936057894128447E-02          703          975
  1032   0.65843114008699638E-02         4287        12447
  1033  -0.96713815751913700E-02          383         3247
  1034  -0.85873194846370119E-03         1263         8623
  1035  -0.51315382540597886E-02         8319         8511
  1036   0.34938894555770149E-02         2239         5327
  1037  -0.37627426532066723E-02          751         1455
  1038  -0.37614432995065629E-02          703         8543
  1039  -0.30608378842144194E-02          255         9759
  1040   0.29444159108745174E-02          447         4671
  1041   0.35892785275952513E-02          639         4767
  1042  -0.27635610916191006E-02          703         9311
  1043  -0.47947258531779984E-02         2175         8879
  1044   0.30645345322004519E-02         4783         4911
  1045  -0.30850537658276824E-02          383          927
  1046   0.76154540802188828E-03          927         1695
  1047   0.35331249262345404E-02         1263         5327
  1048   0.10491001927339566E-01          255        12943
  1049  -0.42438293278886860E-02          495          879
  1050   0.27530071603451482E-02         2271        10415
  1051  -0.23940142869005913E-02          447         8799
  1052  -0.29378723518566881E-02          447        12399
  1053  -0.19394422142628008E-02          879         8623
  1054   0.70926254310600973E-02          383         6351
  1055   0.12047191190451100E-01          255         2623
  1056   0.26528344109511175E-02         4415         8623
  1057  -0.14652438486367555E-02         2287         4527
  1058   0.20596908301289261E-04          255        10575
  1059  -0.25888607805983010E-02         1215         8799
  1060   0.19831769669794888E-02         1215         1439
  1061   0.78067551415660213E-02         8319         8655
  1062   0.82630239322586847E-02         4287         4463
  1063   0.36533436475684892E-02         2271         4783
  1064   0.42874118990286056E-02         8383         8911
  1065   0.95338742625199254E-02          639         1375
  1066   0.59061618793175051E-02         2175         4783
  1067  -0.26203372024480400E-02          831          879
  1068   0.97223013672165649E-03          447        12591
  1069   0.44083624827727808E-02         4223         4527
  1070   0.45771999590477628E-02          383         1631
  1071   0.11052846857214464E-02          495         2895
  1072  -0.24513209172211694E-01          639         8623
  1073   0.35990211621229314E-02         1343         9503
  1074   0.33335538012871056E-02         8415         8879
  1075   0.26942411126687736E-02         2239         4815
  1076   0.23573031034486154E-02         1263         9391
  1077  -0.10965932003123777E-02         8607         8911
  1078  -0.13628085055285065E-02          943         2767
  1079   0.21304666656162138E-02          863         8623
  1080  -0.97338788777783013E-03          703         9103
  1081  -0.25612539494532675E-01         1151         1455
  1082   0.68226306463075722E-02         2271        12463
  1083  -0.83088854706393420E-03          879          975
  1084  -0.28930753157886810E-02         4415         4719
  1085   0.21499558006915780E-02         2271         4703
  1086  -0.83051119048241644E-03          927         8879
  1087   0.59742774723708066E-02         4319        12495
  1088  -0.10936969934426228E-02         1343         2511
  1089   0.96909753977292659E-03          943         6319
  1090   0.35672122947943584E-02          383         2671
  1091   0.11377256620923228E-02          863         1439
  1092   0.57741902262036810E-02          447        12495
  1093   0.10923899620498389E-02          495        12623
  1094   0.69174295202501747E-02          639         2415
  1095   0.24689945568540025E-02         2367         4559
  1096   0.60836754691478950E-01         2239         4463
  1097  -0.21171596103086716E-02          255         3615
  1098  -0.14624232687299541E-02          863          975
  1099  -0.22683465911081916E-02          639        10335
  1100  -0.46560664799999169E-02         4319         8863
  1101  -0.81097546824005331E-03         4287        12687
  1102   0.34738464022786540E-02         1215         9391
  1103   0.24359549909773941E-02         1343         5407
  1104  -0.36373543772538733E-02         1247         5295
  1105   0.83414322906947211E-02          383         6303
  1106   0.75091920947660670E-03         1343         1439
  1107   0.16042322482978104E-02          383         6543
  1108   0.58206713130037327E-03         4415         4463
  1109  -0.13036464332411325E-02          863         2463
  1110  -0.74730662982963906E-03          943         1743
  1111  -0.15323933283689185E-01         1151         1343
  1112   0.35700368477690112E-02          495         8655
  1113   0.26714919376073323E-02         4335         8815
  1114   0.36338522200688624E-02         4415        12575
  1115  -0.17583093922887072E-02         1215         2655
  1116   0.29358011600916896E-01          447         6255
  1117   0.13982932504401286E-02          447         4815
  1118   0.39875870211104215E-02          735         6255
  1119   0.22828807201668937E-02         2415        10575
  1120  -0.32959054963633111E-02          639         2767
  1121   0.35726390180446628E-02         2175         6239
  1122  -0.95833021031030818E-02         1151         8623
  1123  -0.10682981589071627E-02          479        12623
  1124  -0.30416259624070309E-02          495         6255
  1125  -0.57237550198135393E-02          255         5711
  1126  -0.13723580998753059E-02         1391         4559
  1127  -0.39694952902689373E-02          735         5231
  1128  -0.15840882773369468E-02          495         1711
  1129  -0.22470744877666400E-02          495         4719
  1130  -0.31516193160318587E-02         1151         1711
  1131  -0.27253214297586659E-02         1263         8559
  1132   0.89168036580510805E-03         1215         9503
  1133   0.11987472988363031E-02          495         4911
  1134  -0.77900774055251966E-03          383         2959
  1135  -0.89208250700583617E-03          479         2863
  1136   0.14350147222768896E-02          495         4815
  1137  -0.17948363832839421E-02          943         4527
  1138   0.48354391943667713E-02          255         6735
  1139   0.37408839695723885E-03          863         8911
  1140  -0.33508201807366657E-02         4223         8623
  1141   0.12962728339219784E-02          703         1695
  1142  -0.12528117929706661E-02         2367         4511
  1143  -0.11932279837157005E-02         8511         8623
  1144   0.44864499883486090E-03          255         9327
  1145   0.15056332461330150E-01          639         1487
  1146   0.30746186173409296E-02         1695         1823
  1147  -0.30403111764371400E-02         8543        12383
  1148   0.85998238560040319E-03         2767         2959
  1149   0.38557839863108158E-02          879         4527
  1150  -0.16767837617371521E-02         1343         1455
  1151  -0.15157282363038348E-02          383        10303
  1152  -0.35392636485340172E-02         1247         1631
  1153   0.37355862859197470E-02          383         1743
  1154   0.76894597824757067E-02          495        12399
  1155   0.63019196976935683E-03          943         1711
  1156   0.12374393016345558E-02          927         1711
  1157   0.26219548494882741E-02         3247         3375
  1158  -0.93621905467643814E-03         1391         8623
  1159   0.11705071957907871E-02         1391         2511
  1160  -0.74877703642004629E-03         8511         8607
  1161   0.68067265409937352E-03         2479         6319
  1162   0.11036690308955901E-01          383         4783
  1163   0.88214963831167136E-03          879         1455
  1164   0.20499455806546637E-02         2239         2463
  1165   0.89546910577336823E-03          703         5007
  1166  -0.65523134132807360E-03          943         8879
  1167  -0.17648185219663168E-02          383         8655
  1168  -0.15665716384614286E-02          383        12495
  1169  -0.44729272031012363E-03         2479         2735
  1170   0.26187490548594768E-02          639         6303
  1171   0.30396721237577404E-02         2175         4767
  1172   0.40045345636464952E-03          879         4463
  1173  -0.19448053529079108E-02          831          943
  1174   0.85420897191790810E-05          831         4767
  1175  -0.16589006792968590E-02          703         2719
  1176  -0.66385514651311488E-03         2463         2767
  1177  -0.92719733499600863E-03         2463         6319
  1178  -0.77033981816725854E-03         2239         6543
  1179  -0.65280422144066040E-02         8415         8799
  1180   0.42232339419574693E-02          879         9039
  1181  -0.13656423490503683E-02          879         9103
  1182  -0.16405085805842685E-02          383         5215
  1183   0.32436218704084037E-02         2271         8879
  1184   0.14177761958924500E-02         4223         8607
  1185   0.65335075515213200E-02         2367        12623
  1186   0.43917240652320841E-02          831         8991
  1187   0.27680777630378927E-02          639         6351
  1188   0.22641109777167545E-02         2175         4815
  1189   0.35952998833165290E-02         8383        12447
  1190   0.28109268895782215E-02         2367        10527
  1191  -0.34690308086588891E-02         1247         4783
  1192  -0.22194083291824226E-02          639         5327
  1193  -0.16370633457585212E-02          447         1871
  1194  -0.30558046914837375E-02         1151         4815
  1195   0.12069733331947065E-02         3135         3247
  1196   0.19904669976745499E-02          735         1439
  1197  -0.27811373672696534E-02         2399        12575
  1198   0.38902801250935738E-02         2399        12591
  1199   0.52504548228374292E-02          383        14607
  1200   0.16384747087424597E-02         2175         4703
  1201  -0.13305041342896614E-02         8607        12623
  1202   0.21905830054662016E-02          751         5327
  1203   0.23671674830187035E-02         1711         1839
  1204  -0.14206205354978659E-02          383         1935
