     1  -0.96566763979670633E+00          127          127
     2  -0.11549018585455186E-01          127          367
     3  -0.81385566503830373E-02          191          607
     4   0.18235355818656008E-07          191          379
     5   0.11549023058007098E-01          127          223
     6  -0.23637296119074426E-01          127          575
     7   0.87216610907830585E-02          379          379
     8  -0.51081795334301395E-02          375          379
     9   0.18547405037534360E-01          223          635
    10  -0.76747077291879282E-01          239          635
    11   0.13086348387570977E-04          127          443
    12  -0.22500380011293859E-01          127          671
    13  -0.21928768864472410E-02          127          861
    14  -0.19097678873551630E-01          127          743
    15   0.46304043464914279E-02          127          727
    16  -0.47530867377723267E-01          127          239
    17  -0.42124516870477115E-01          223          351
    18   0.16374897953557817E-02          247          253
    19  -0.10184019076937901E-01          223          631
    20  -0.46304055087812920E-02          127          871
    21   0.92795719098998142E-01          127          687
    22  -0.93845465383381715E-02          239          859
    23  -0.51081540940330818E-02          247          251
    24  -0.11385117779682558E-02          239          727
    25   0.12298543987946963E-02          575          727
    26   0.33566890675998606E-01          319          607
    27   0.31128363683209082E-01          247          247
    28  -0.79084763918985438E-03          623          755
    29  -0.18547401049978377E-01          367          635
    30   0.53495754038778596E-02          727          875
    31  -0.96196091052466511E-02          127          971
    32   0.69980737290573098E-02          191          475
    33   0.20823741019796539E-01          635          635
    34  -0.39555569258278812E-02          351          815
    35  -0.16387586520997127E+00          223          367
    36  -0.51043176942408243E-02          575          855
    37   0.27041586264825975E-02          575          747
    38   0.11732470197894983E-02          239          731
    39   0.43922098953356487E-02          351          743
    40  -0.10301348538929744E-07          247          375
    41   0.92795719062750082E-01          127          799
    42   0.19240480139428883E-02          379          883
    43  -0.11948682215376170E-02          351          443
    44   0.11605694366038845E-02          223          743
    45   0.33566890083498585E-01          191          623
    46   0.81385583493540446E-02          319          623
    47   0.59619704896801935E-05          247          827
    48  -0.70766403010064051E-03          247          487
    49  -0.76747076310878223E-01          351          635
    50  -0.15538828719736521E-02          379          491
    51  -0.68133269596506304E-02          247          699
    52  -0.23370493666363020E-03          635          875
    53  -0.10939718046385719E-02          223          855
    54  -0.34661643770888353E-02          127          747
    55   0.42193935167173152E-01          223          239
    56   0.10184014872364061E-01          367          631
    57   0.17124966643998990E-02          191          491
    58  -0.23972348005508229E-02          375          883
    59  -0.10009185873636032E-02          319          719
    60  -0.44813998345982516E-04          637          733
    61  -0.10939746261811279E-02          367          743
    62  -0.80661803002786588E-03          127          875
    63  -0.10227348329707802E-02          223          731
    64   0.26934847153411360E-02          727          871
    65   0.19577002709400054E-02          575          687
    66   0.19848218659920016E-03          607          755
    67   0.98321151196804981E-08          191          319
    68  -0.34661651703901987E-02          127          859
    69   0.12350456651620157E-02          687          743
    70   0.13945366933174345E-02          727          859
    71   0.10179627636811571E-01          127          631
    72  -0.42193918689153301E-01          351          367
    73   0.42017982471769813E-01          239          631
    74  -0.53275341705848753E-03          127          877
    75  -0.19097679232435594E-01          127          855
    76   0.65918837655990815E-03          607          695
    77   0.19137993475776955E-02          463          871
    78  -0.12590445855535139E-04          379          755
    79   0.12576973386758037E-01          463          859
    80  -0.48867729312946567E-07          247          379
    81  -0.52402819967248484E-05          379          699
    82   0.42017981492208006E-01          351          631
    83   0.24533597917453957E-01          575          575
    84   0.21935412807146608E-01          575          635
    85   0.12815894947081636E-02          431          699
    86  -0.29185867391340408E-02          247          471
    87  -0.19550605185578978E-02          223          799
    88   0.68850980656073478E-03          727          855
    89  -0.18831349839107182E-02          575          637
    90   0.11858808290239192E-02          351          727
    91   0.19240455575939230E-02          251          755
    92   0.91000138893894966E-02          631          971
    93  -0.42495949336748056E-02          191          487
    94  -0.17500433909010831E-01          191          471
    95  -0.18277284345875880E-02          687          875
    96   0.11732235498518443E-02          223          727
    97  -0.56370894829720986E-02          351          859
    98  -0.93472234014486326E-03          635          859
    99  -0.12035566312206889E-02          223          747
   100   0.49607989505517361E-02          223          499
   101   0.49166354577895408E-03          671          743
   102  -0.83162988463257904E-02          575          631
   103   0.56490296111091059E-02          239          743
   104  -0.71132213210978619E-08          251          379
   105  -0.19137713152091490E-02          463          727
   106   0.89984016773791769E-03          687          731
   107  -0.94586929334554022E-06          247          823
   108  -0.20791548829367326E-02          191          253
   109   0.80661480235589373E-03          127          731
   110   0.11732231474086761E-02          351          875
   111  -0.89049616404441433E-02          223          439
   112  -0.47701919113449865E-02          223          875
   113   0.12345642677853801E-02          223          671
   114   0.43922075492641554E-02          239          855
   115  -0.19709966067742468E-02          319          847
   116  -0.10128066684878501E-04          127          439
   117   0.79872282970434999E-02          635          971
   118  -0.47701929062429578E-02          367          731
   119  -0.43827644888460324E-03          687          727
   120   0.10419308671771857E-02          367          971
   121  -0.69024293188378225E-03          719          755
   122  -0.93472234875774428E-03          635          747
   123   0.95703840090734099E-01          239          239
   124   0.29817604555120517E-02          463          731
   125  -0.13902943997952907E-02          727          747
   126   0.51662829915179826E-02          367          911
   127   0.18635848053945751E-01          631          635
   128  -0.22471383591861568E-01          351          463
   129  -0.17729105342275940E-02          239          875
   130   0.24114937304915398E-03          631          727
   131  -0.90276004292774096E-03          191          995
   132  -0.69461442212008192E-03          727          743
   133   0.67552944594083640E-02          671          815
   134  -0.21793771031115519E-03          671          731
   135  -0.68851067748337087E-03          743          871
   136   0.53365420322520347E-01          191          247
   137  -0.38323018080125807E-02          415          695
   138   0.60657281369378008E-01          191          191
   139  -0.17729111054914583E-02          351          731
   140  -0.30295412412003984E-02          859          859
   141  -0.23329029804412266E+00          127          463
   142   0.23370482092622302E-03          635          731
   143   0.31128358347056646E-01          375          375
   144   0.27087000983706768E-04          375          755
   145   0.42124533726446658E-01          239          367
   146   0.12968891475302952E-03          379          923
   147  -0.18371922314433524E-02          671          871
   148  -0.13570090685272549E-01          319          379
   149   0.13765911837525712E-01          367          367
   150   0.13305792621499451E-02          731          859
   151  -0.93853148862963365E-03          623          939
   152  -0.18717019267917483E-02          743          743
   153  -0.17352795932224327E-02          687          815
   154   0.48949520942007108E-02          367          443
   155  -0.20513003089320959E-02          695          695
   156   0.10197023935106408E-01          575          971
   157  -0.83596167938377510E-04          367          727
   158   0.94875167360789495E-04          191          493
   159  -0.60214645326059780E-03          671          727
   160  -0.47530866308515794E-01          127          351
   161  -0.24114934157261239E-03          631          871
   162   0.12576973473952912E-01          463          747
   163   0.52792086966989837E-02          239          967
   164  -0.93845475214865293E-02          351          747
   165  -0.12058491064702655E-02          351          499
   166  -0.52180224116172335E-02          319          415
   167  -0.58900308910767555E-05          415          491
   168  -0.12035366421436495E-02          367          859
   169  -0.76854422140900805E-02          223          815
   170   0.12888053784736930E-02          223          967
   171   0.60130289893010631E-02          623          923
   172   0.12059625419484847E-02          239          499
   173   0.10722171247588746E-03          239          445
   174  -0.20791548052522132E-02          319          381
   175   0.98162391245022263E-05          191          827
   176  -0.83598517838597233E-04          223          871
   177  -0.39563743157935705E-02          439          439
   178  -0.92898405847054361E-03          671          855
   179  -0.67795322151172560E-02          575          967
   180  -0.35985956391823919E-02          687          971
   181   0.79221362205174218E-02          607          995
   182  -0.98700927558975507E-03          631          743
   183   0.11605715652655280E-02          367          855
   184  -0.60047625906968596E-08          191          375
   185   0.89200064841537339E-02          239          687
   186  -0.56370894606876647E-02          239          747
   187  -0.58081763349237018E-05          431          475
   188   0.95321578797373291E-03          247          695
   189  -0.10419356095608997E-02          223          971
   190  -0.47606261292953441E-03          575          671
   191  -0.10837293034703468E-04          127          499
   192   0.19845618078731288E-02          191          719
   193   0.53275340668539647E-03          127          733
   194  -0.78595306008910123E-02          319          823
   195  -0.17332218548239326E-02          671          687
   196   0.12589084404794671E-02          687          911
   197  -0.36392778802762284E-02          623          919
   198  -0.79543184879973909E-02          463          855
   199   0.94837453600833625E-02          607          939
   200  -0.67549390960734094E-03          319          919
   201   0.69461040577125266E-03          855          871
   202  -0.21503937704819239E-02          239          439
   203  -0.12585733585047087E-04          251          883
   204   0.67549239559373136E-03          191          935
   205  -0.12887912561805113E-02          367          967
   206  -0.68133338255425297E-02          375          827
   207   0.52180180363445511E-02          191          431
   208   0.54107288706841238E-02          367          463
   209   0.61819150330215508E-03          847          939
   210  -0.21793791652713603E-03          815          875
   211  -0.19550611799782941E-02          367          687
   212  -0.13305795298426306E-02          747          875
   213   0.39555588012103121E-02          223          687
   214   0.11858726356331944E-02          239          871
   215  -0.94404693541478154E-06          375          695
   216   0.65603059685281461E-03          575          875
   217  -0.29972224026015293E-02          743          747
   218   0.53365417682407087E-01          319          375
   219  -0.11385047649349379E-02          351          871
   220   0.18371920220137067E-02          687          855
   221   0.57486797671153669E-04          247          493
   222   0.42496262594775847E-02          319          471
   223  -0.12298553041976742E-02          575          871
   224  -0.51043173557077668E-02          575          743
   225  -0.36886540960593957E-02          687          747
   226  -0.10227348684535972E-02          367          875
   227   0.27041589880465746E-02          575          859
   228   0.20757447836600726E-02          247          491
   229  -0.15005977852832663E-03          319          923
   230  -0.13113790024460814E-02          731          747
   231   0.72706029078360051E-03          351          947
   232   0.20872614560306822E-04          319          695
   233   0.51296085109411452E-02          319          827
   234  -0.65602895070425492E-03          575          731
   235   0.52046872260490514E-02          731          875
   236  -0.26852804403686209E-02          623          695
   237  -0.78595324686740985E-02          191          695
   238  -0.58593667421192003E-03          631          747
   239  -0.89705439461284066E-03          671          747
   240   0.70887646842662740E-04          575          877
   241   0.86291184816581227E-03          375          923
   242   0.16374899041477608E-02          375          381
   243  -0.41093164285744034E-02          239          971
   244   0.89984387193359108E-03          799          875
   245   0.34707162560935617E-02          671          875
   246   0.52473485065250638E-02          623          979
   247   0.27070980071512573E-04          247          883
   248  -0.13570100088367834E-01          191          251
   249   0.52792052481354778E-02          351          967
   250  -0.71647957309525067E-02          127          911
   251   0.85492464405672233E-02          375          491
   252  -0.19848529729400865E-03          623          883
   253   0.11370076879985837E-04          127          947
   254  -0.35751842249200283E-02          375          939
   255   0.98182227235580582E-05          319          699
   256   0.20875994171774739E-04          191          823
   257  -0.70887676044659829E-04          575          733
   258  -0.79543116481356271E-02          463          743
   259   0.49166418167384616E-03          815          855
   260  -0.52675668516912640E-02          463          967
   261  -0.21254121380589286E-02          415          719
   262   0.12345634015500935E-02          367          815
   263   0.25423050093947423E-02          439          443
   264   0.11778008389447937E-02          415          883
   265   0.69185543078311188E-03          607          979
   266  -0.29185863684159240E-02          375          487
   267   0.15493063145632629E-04          431          923
   268   0.20128739885148269E-02          351          671
   269   0.15497792705703515E-04          415          939
   270  -0.33149930293765216E-02          247          919
   271   0.39845738069649040E-03          823          923
   272  -0.11134986410346596E-07          415          431
   273  -0.83719734825922106E-02          431          431
   274  -0.63778387076078531E-04          607          701
   275  -0.17739277863332871E-02          823          827
   276  -0.29972223344165230E-02          855          859
   277   0.12656454982920269E-03          623          719
   278  -0.21928768843900463E-02          127          749
   279   0.76854422610739192E-02          351          687
   280   0.36193616476148742E-03          379          475
   281   0.13765907485197902E-01          223          223
   282   0.93866613138558763E-03          415          823
   283   0.10942106285440737E-01          575          911
   284  -0.16156015814552605E-09          251          381
   285  -0.38323024505456074E-02          431          823
   286   0.51296094453693137E-02          191          699
   287   0.47606267341221859E-03          575          815
   288   0.14554458697460176E-03          631          731
   289   0.35108898839686362E-02          623          699
   290  -0.22471367687074861E-01          239          463
   291   0.21451028806480262E-01          319          431
   292  -0.52495957798574268E-03          727          727
   293  -0.86863605261146663E-02          191          847
   294   0.17979065628669661E-02          747          971
   295  -0.14276640079696576E-02          431          939
   296   0.21195784312017828E-03          799          947
   297  -0.33149950557537747E-02          375          935
   298  -0.12656502560191404E-03          607          847
   299   0.95321455478545583E-03          375          823
   300  -0.78523183464431386E-02          431          487
   301  -0.21440786627741373E-01          351          911
   302   0.89200056603516570E-02          351          799
   303  -0.12806546293921919E-04          575          947
   304   0.14381164981500736E-02          431          935
   305   0.71939536748141853E-09          695          827
   306   0.21451027642607850E-01          191          415
   307  -0.14555038666853317E-03          631          875
   308  -0.20754962067557237E-02          375          475
   309  -0.30295411706446540E-02          747          747
   310   0.35108901696036970E-02          607          827
   311   0.49607714567759670E-02          367          499
   312  -0.60569719768262091E-03          607          719
   313  -0.85353256452905408E-05          431          979
   314   0.17125717307029918E-04          415          935
   315   0.85493067250191328E-02          247          475
   316  -0.32703382387067569E-02          439          875
   317   0.10951577683971397E-01          623          623
   318  -0.37888623968807254E-02          319          995
   319  -0.88925416578035897E-02          431          719
   320   0.12518141938281605E-03          443          859
   321  -0.12385501779945049E-02          671          671
   322  -0.42719762269544115E-03          875          875
   323  -0.41093152799726827E-02          351          971
   324  -0.76605784707557351E-02          463          911
   325   0.70766244535547143E-03          375          471
   326  -0.49337403913521094E-02          431          883
   327  -0.70268088316178710E-03          623          995
   328  -0.52394313659923748E-05          251          827
   329   0.19577002834925777E-02          575          799
   330  -0.54106631223633820E-02          223          463
   331  -0.30798815154889567E-02          367          947
   332  -0.54764699889353176E-02          607          935
   333  -0.32243461209858988E-03          871          875
   334  -0.11778025480985305E-02          431          755
   335  -0.13945364322395886E-02          743          875
   336   0.60657286293239687E-01          319          319
   337  -0.20513000202326240E-02          823          823
   338  -0.34159451537241941E-03          471          883
   339  -0.86555470273006060E-03          607          699
   340  -0.72704359939092711E-03          239          947
   341  -0.17125535321167479E-02          319          475
   342  -0.17102868215405857E-02          699          699
   343   0.87213630888264074E-03          815          971
   344  -0.89049697551590243E-02          367          439
   345   0.21416534594381263E-02          439          499
   346  -0.36196141179573190E-03          251          491
   347   0.13113791154295564E-02          859          875
   348   0.21504262512143440E-02          351          439
   349   0.92898462536345242E-03          687          871
   350   0.31970260289971669E-03          671          911
   351  -0.36886542755094460E-02          799          859
   352  -0.11950516565954396E-02          827          883
   353   0.52972935424156297E-09          695          823
   354  -0.17739281317255672E-02          695          699
   355   0.36152664005061854E-07          471          487
   356  -0.15737264294398309E-01          463          463
   357  -0.16924398110403098E-02          319          883
   358  -0.44591923766984433E-03          607          919
   359   0.87216648012009654E-02          251          251
   360   0.18277277902194718E-02          671          859
   361  -0.17500441631180412E-01          319          487
   362   0.90278920270724257E-03          319          979
   363   0.79898539675666755E-03          375          919
   364  -0.23972263119981822E-02          247          755
   365   0.14381165019111950E-02          415          919
   366   0.11948154211980440E-02          239          443
   367   0.22500378892257054E-01          127          815
   368   0.59679128280126577E-05          375          699
   369   0.50188079356948082E-02          431          827
   370  -0.94874772317982448E-04          319          477
   371   0.56490282630765982E-02          351          855
   372   0.86555596743712743E-03          623          827
   373  -0.23197713456460625E-02          471          471
   374  -0.86289498541449188E-03          247          939
   375   0.15005997281097389E-03          191          939
   376  -0.46161974014002783E-02          687          687
   377  -0.39846230871316867E-03          695          939
   378   0.26747875857774631E-02          719          883
   379  -0.18391713899895814E-03          699          939
   380  -0.63510512160249019E-03          815          967
   381  -0.51662982875613521E-02          223          911
   382   0.48949394453439267E-02          223          443
   383   0.28196102587160609E-02          191          919
   384  -0.89705768471456254E-03          815          859
   385  -0.78455273159778809E-03          439          747
   386  -0.21196019182874210E-03          687          947
   387  -0.12815917178887681E-02          415          827
   388   0.21254025005560512E-02          431          847
   389  -0.11950512599347221E-02          699          755
   390  -0.32243472103036299E-03          727          731
   391  -0.16924324161679723E-02          191          755
   392   0.50188072245788504E-02          415          699
   393  -0.71665698506468467E-10          719          847
   394  -0.11632661566968920E-02          719          719
   395  -0.46161976733534206E-02          799          799
   396  -0.98700924319474023E-03          631          855
   397   0.36288603746159774E-02          687          967
   398  -0.57485828530645922E-04          375          477
   399  -0.16901893102259349E-02          439          871
   400   0.20128701586841474E-02          239          815
   401  -0.25932213726065265E-02          719          939
   402   0.92944710289092364E-04          699          995
   403   0.11732221939612889E-02          367          871
   404   0.17332227391395614E-02          799          815
   405   0.57654075053493519E-02          463          971
   406  -0.17102866764489451E-02          827          827
   407  -0.36019482573619624E-05          439          967
   408   0.10623188256049458E-06          471          939
   409  -0.64486751769143072E-05          439          971
   410   0.48306522359334693E-03          623          935
   411  -0.34707164886362326E-02          687          859
   412   0.16567096418554600E-07          471          935
   413   0.28196105548061478E-02          319          935
   414   0.36288606082707352E-02          799          967
   415  -0.52495978618876033E-03          871          871
   416   0.69980871128739863E-02          319          491
   417  -0.85059395727119408E-04          695          935
   418  -0.93866344592144230E-03          431          695
   419   0.13902648758563048E-02          855          875
   420  -0.27375593505418598E-06          415          487
   421  -0.79897726016585412E-03          247          935
   422   0.38321926270385294E-09          699          827
   423  -0.40520444153238205E-03          439          743
   424   0.20197273406071976E-02          719          935
   425   0.17136285659012652E-04          431          919
   426  -0.28512887646620525E-06          431          471
   427   0.34152365956479345E-03          487          755
   428   0.17352785602203437E-02          671          799
   429   0.44470342925380145E-02          631          967
   430  -0.60569731149220224E-03          623          847
   431  -0.26852805509716454E-02          607          823
   432   0.58472576382961059E-04          239          501
   433   0.18391767897987284E-03          827          923
   434   0.13142448189375580E-01          631          631
   435  -0.21440790200750643E-01          239          911
   436  -0.83719734891094209E-02          415          415
   437   0.16536182431209385E-02          431          491
   438   0.21257967063780373E-07          475          491
   439   0.85058404166287065E-04          823          919
   440   0.70003691540411006E-03          847          883
   441   0.11915541916399817E-02          637          637
   442  -0.88925393565419380E-02          415          847
   443   0.78457171091369279E-03          439          859
   444  -0.35985957958507655E-02          799          971
   445   0.40520646664448263E-03          439          855
   446  -0.92944886194120416E-04          827          979
   447   0.88919660791567654E-03          607          923
   448  -0.25932215120226553E-02          847          923
   449  -0.65918886911258442E-03          623          823
   450   0.63778364323770342E-04          623          829
   451  -0.31970380490668672E-03          815          911
   452  -0.94911703116349936E-09          699          883
   453   0.63510544945562448E-03          671          967
   454  -0.15072707644565323E-04          463          947
   455  -0.84203331340291860E-05          415          995
   456  -0.78523183016203802E-02          415          471
   457  -0.10722141613514380E-03          351          445
   458  -0.12385504373413202E-02          815          815
   459  -0.87213575473196108E-03          671          971
   460  -0.61819107060058812E-03          719          923
   461  -0.15538887954372445E-02          251          475
   462  -0.12967826568009437E-03          251          939
   463  -0.12517884817981204E-03          443          747
   464  -0.15249212136527102E-02          443          443
   465   0.12421247999252935E-05          471          491
   466  -0.23380296220405342E-08          919          935
   467  -0.58471371976280774E-04          351          501
   468  -0.60214629022480287E-03          815          871
   469  -0.11632661891093493E-02          847          847
   470  -0.43827655923512032E-03          799          871
   471  -0.23197713402441488E-02          487          487
   472  -0.29817601238915862E-02          463          875
   473  -0.49337410565610451E-02          415          755
   474  -0.27216207021333617E-06          127          505
   475  -0.30798773364396942E-02          223          947
   476  -0.35751800180443931E-02          247          923
   477  -0.32703335799961564E-02          439          731
   478  -0.37888550954730022E-02          191          979
   479   0.44813987593320775E-04          637          877
   480  -0.16901887398778619E-02          439          727
   481  -0.42719756309728840E-03          731          731
   482  -0.14276640176001170E-02          415          923
   483   0.12589087219437680E-02          799          911
   484   0.10951577684474816E-01          607          607
   485  -0.18717021527253686E-02          855          855
   486  -0.58593806888194229E-03          631          859
   487  -0.79084839956495049E-03          607          883
   488   0.52663632646108696E-06          635          947
   489   0.95703844441933833E-01          351          351
   490   0.17979066518926065E-02          859          971
   491   0.16536182058075172E-02          415          475
   492   0.12350458448087793E-02          799          855
   493   0.20197279593738770E-02          847          919
   494   0.13508627585992715E-02          487          883
   495   0.13508453671140783E-02          471          755
   496  -0.74944135697684391E-04          883          979
   497   0.11458303033865696E-02          911          911
   498  -0.60415189858561219E-06          487          979
   499  -0.11622241221872613E-02          695          923
   500  -0.11622232675749771E-02          823          939
   501   0.74952628522411617E-04          755          995
