     1   0.28811896896400718E-02          255          255
     2   0.18398532924520147E-01          255         2287
     3   0.13259667745251998E-01          255         8911
     4  -0.36797573445442443E-02          383          703
     5  -0.33004548180992563E-02          255         4447
     6  -0.12425256796143875E-02          703         1247
     7  -0.31661954564802225E-01          447          751
     8  -0.17831532454510055E-01          447         1247
     9  -0.29695126617254228E-02         1151         2287
    10  -0.85248375393244778E-02          255         1263
    11   0.87033038176587097E-03         4319         8415
    12   0.15820240840840798E-02          255        12495
    13   0.11761334560161331E-01          383         1215
    14  -0.28105126367876884E-02          255          751
    15  -0.17557603066979857E-01          255          735
    16   0.34347117730279037E-03          255         8559
    17  -0.70766801819421344E-03          255        10399
    18  -0.27321793690640609E-02          383         2239
    19   0.20288269092283769E-01          255         8383
    20   0.68619415631137664E-02         1247         8431
    21  -0.28776125848021613E-04          255         4719
    22  -0.29885833801395070E-03          383         1263
    23   0.15657255042932951E-01          255         4415
    24  -0.33729753541344100E-02          703         4319
    25   0.22071723946393688E-02          255         6351
    26  -0.19862936221227340E-01          255         2399
    27  -0.21136478854376852E-02         2287         2287
    28   0.34683129916384216E-05          255         9375
    29  -0.13870444307699750E-01          255         1375
    30   0.71455395845572423E-03          383         4319
    31  -0.14873272421220428E-02          255         8623
    32   0.40419321378806381E-02          255         9423
    33   0.26833318704105580E-02         1263         1263
    34   0.62652078879574967E-02         1215         4319
    35  -0.23574456162848731E-02          703         1263
    36   0.20221055647875021E-02          255         4511
    37  -0.32352852041585875E-01         1215         4447
    38   0.18600183623202144E-02         4319         8431
    39  -0.31289707273683782E-02         1247         2271
    40  -0.79266305533808815E-02          255         1439
    41  -0.10436025672576591E-01          255         2463
    42   0.91876950630350902E-02          255        10447
    43   0.51436821482871164E-03          255         3279
    44  -0.18297354009634437E-02          255         4767
    45   0.92936877999498027E-02         4287         8415
    46  -0.19055014535269540E-02         2239         8415
    47   0.17112095099140754E-02          255        12463
    48   0.12131295886137598E-01          735         4319
    49  -0.22316292178717529E-02          255         2735
    50   0.69924633472752255E-03         2175         4335
    51  -0.10149530637297208E-02          639         2287
    52   0.12496388090687453E-02          383         8383
    53  -0.24691691654553701E-02          255         2671
    54   0.20281533600842189E-01          255         4287
    55  -0.25364558516774573E-02          383         4287
    56  -0.47589152036479959E-02          255         2367
    57   0.17112873058590307E-01          479         1263
    58  -0.41306523227429057E-03          255         6303
    59   0.14689621930211937E-01          255          863
    60   0.12618754391821184E-01          383         2287
    61  -0.23579918476431105E-02          447         8415
    62   0.48961055332913490E-02          383          447
    63  -0.59400275800275352E-02          639         1263
    64   0.50339388158054813E-03          255         8879
    65  -0.79030809648346061E-02          383         2271
    66   0.33509674356192085E-02         4287         4447
    67  -0.76406554850472269E-02          255         9039
    68   0.10030534411475305E-02          255         4783
    69   0.14873274507785214E-02         1215         2271
    70  -0.28931147032435350E-02          255         9391
    71  -0.72622797300942105E-03          255         8863
    72  -0.32799589012034421E-02          703         2287
    73  -0.15557083897890193E-02          751         1263
    74  -0.15061526366079000E-02          255         1695
    75   0.25886861377467660E-02          703         4287
    76   0.10319208716227475E-01          479         4719
    77   0.98312764445827906E-02         2175         2287
    78  -0.14368011491635196E-02          255         4527
    79   0.72724460946103206E-02          255         4815
    80  -0.13187320169155872E-02          255         2719
    81   0.47977308725450059E-02         2239         8431
    82  -0.11133486988300748E-01          639         8383
    83  -0.11942152623280336E-02          703         8415
    84  -0.11136834381507352E-02         4287         8383
    85  -0.12589184571666885E+01          255          383
    86   0.97187520982280635E-02          479          751
    87   0.25859102250114585E-02          255         2767
    88   0.65639604556115621E-02          255         1631
    89   0.28572780044446295E-02         1215         1215
    90  -0.16220436875652854E-02          255         4703
    91   0.20974143691919679E-02          255        10415
    92  -0.11330166421290892E-01         2175         8319
    93   0.16478525944575663E-03          255         8543
    94  -0.17944160416744740E-01         2175         4223
    95  -0.32983862866406677E-02          447          703
    96   0.97873854808706185E-02          735         4335
    97  -0.91565595463189153E-02          255         1391
    98  -0.68767899105622639E-03          255        10351
    99  -0.37772018595537936E-03          255        10335
   100  -0.37870101060853718E-02          735          751
   101  -0.70099173367726584E-02          255         5215
   102   0.39494317544113897E-03          255         6255
   103  -0.30431004688246915E-01          255         5407
   104  -0.40447592196350219E-03         4335         8431
   105   0.48848477612571401E-02          255          975
   106   0.11186716939873442E-01          639         1247
   107  -0.37778963663028068E-03         1247         2287
   108  -0.17026386268286092E-03          495          751
   109   0.36929770448519451E-02          479          735
   110   0.15540068786393055E-02          255         3231
   111   0.14575913813773189E-02          383         4335
   112   0.25395864790933435E-02          751         2287
   113  -0.53696034827664134E-02          447         1263
   114   0.17354899369920528E-01          255         4943
   115   0.66581065157074711E-02         1247         8543
   116  -0.22224733593344564E-01          639          735
   117  -0.10752468695411886E-02         2239         2271
   118  -0.31097080353418821E-01          383         1151
   119  -0.80550984133320666E-02          735         1263
   120   0.44625348335154032E-02         1151         8431
   121  -0.84171365615275421E-03          751          751
   122  -0.21527240201602682E-01          447         2271
   123   0.71450358418350605E-03         4319         4335
   124  -0.43683720615540220E-02          255         1455
   125  -0.84693601917452228E-03         4223         8319
   126  -0.38437048161982699E-02         2175         8431
   127   0.12732399106915654E-01          447          479
   128  -0.39959315524220823E-02          703          735
   129  -0.74532619361451832E-02          735         8559
   130   0.50471202968371966E-01         2239         8559
   131  -0.13403281574010596E-02          255         8607
   132  -0.28795835833881570E-02          735         2271
   133   0.15560549624306205E-02          639          703
   134   0.14859199662799578E-02          255         6319
   135   0.37003553472922030E-02          255         1151
   136   0.39807263743005484E-02         2175         4319
   137  -0.56876186986759315E-02          479         2287
   138  -0.65407805248906947E-02         1151         4319
   139  -0.32766369500093493E-02         1151         4287
   140   0.12497267091541746E-01          639         2271
   141  -0.10533544230748597E-02          735          735
   142  -0.15883172521028071E-02          383         8415
   143   0.40061933524730628E-02         4287         8431
   144  -0.63376216378043691E-02          703         4415
   145  -0.17187516530054331E-02          255         1711
   146  -0.17313489084734438E-02          255         3247
   147   0.20318004622080051E-01          735         4463
   148  -0.73299747088857346E-03          703         8431
   149  -0.20927887760331812E-02         1247         4319
   150  -0.36016937330417484E-02         1247         1247
   151   0.42322690711933501E-02         1151         8383
   152   0.99945068192771221E-02          447         1215
   153  -0.84646121443605962E-02         1151         8319
   154   0.27497601411526490E-02         1263         2287
   155   0.23948475021569280E-03          383         8431
   156   0.35918824865067102E-02          703         2239
   157  -0.25098366757051356E-02          383         1247
   158  -0.25745356719262193E-02          447         4335
   159   0.85918366169078356E-03          639         8415
   160  -0.22737059126114669E-02         1263         8431
   161   0.21799999133818207E-01          639         2175
   162  -0.13092272728203378E-03          255         5279
   163  -0.17019776204068660E-02         1215         4287
   164   0.54292319864755574E-04          255         5295
   165  -0.52771575501240535E-03         2271         4319
   166   0.33442215038596986E-03         4447         4447
   167  -0.35365403689085930E-03         2399         2415
   168   0.11417813548380048E-02         4319         4319
   169   0.12732586522301947E-03         4335         4335
   170  -0.64860541250846664E-03          703          703
   171   0.13646097897348509E-01          735         8431
   172   0.96387962280782471E-02          383          383
   173  -0.95731671239126864E-03         2239         4287
   174  -0.18513104607768730E-01         2175         2175
   175   0.10862719286794428E-02          255         4463
   176  -0.42896638795131254E-03         4415         4415
   177   0.73431974405266977E-02         1151         8415
   178   0.17195071997641782E-02         1343         1391
   179   0.18496518538153889E-01         1215         8559
   180  -0.40700278978111649E-03         2287         4335
   181   0.10779213584440049E-02         1247         1263
   182  -0.34345667023476280E-02         1215         4335
   183   0.54818260460667075E-03          255         8799
   184   0.29917745417064531E-02          735         2287
   185   0.17435423234406840E-01          383         2175
   186  -0.32044360027000101E-02         1215         2287
   187  -0.71088591983300097E-03          703         2271
   188  -0.55737729694446160E-02          255         1743
   189  -0.30861375657226215E-03          255          831
   190   0.70727917717872645E-02         1215         1263
   191   0.22569004113377259E-01         1247         1375
   192  -0.11133617393482773E-02         2239         2239
   193   0.11656263170614456E-02          639         4335
   194   0.74663074202002461E-03         4223         8383
   195   0.34060250707198588E-02         1375         8559
   196   0.65234496272384489E-03          703         4335
   197   0.36210636543562323E-03         1215         2239
   198  -0.16671018145357210E-02         1247         4335
   199   0.23239009102318541E-02          255         9279
   200  -0.61283499868286821E-02         1247         8415
   201   0.53292657676479768E-03          383         6447
   202  -0.70395502889230013E-02         1215         8431
   203   0.84004725757214798E-03         8415         8431
   204   0.25037637049187414E-02          703         8383
   205  -0.23799327441778498E-01         1151         1215
   206   0.13511259033637164E-03         8319         8319
   207   0.13376527312866972E-02          751         4335
   208   0.28797297786488367E-01          447          735
   209   0.25595976748743997E-02         2271         8559
   210  -0.38032190511608422E-03          831          831
   211  -0.10131766980940959E-02          255        12351
   212   0.80428677674718944E-03         1391         1391
   213  -0.51271132955262744E-02         2239         4319
   214  -0.12785695649018571E-02          383         6431
   215  -0.35464324577113224E-02          831         1375
   216   0.37484702143031779E-03          479          479
   217   0.22896739212272506E-02         1215         8415
   218  -0.43075680326754677E-01         2239         4447
   219  -0.37389993628226827E-02         2367         4447
   220   0.87885057868858862E-03          639         4223
   221   0.12863273621102671E-03          495         2287
   222  -0.52538296868629458E-01          703         2399
   223   0.31420066092363260E-02          255         6239
   224  -0.81407641530233804E-02          383          863
   225  -0.15045583980216879E-02         1375         4463
   226  -0.56677784291169616E-02          703         1215
   227  -0.48963307093337020E-02          383         1375
   228   0.56713020204101391E-03          383         2895
   229  -0.75960898044571679E-02          383         2399
   230  -0.11907096641286764E-01          735         2399
   231   0.23173551917026565E-02          383         5407
   232   0.37288609905942517E-02          255        12447
   233   0.14653109310667305E-01          639         8319
   234  -0.86152408377505494E-03         1343         2415
   235   0.95762390028141017E-02         4223         8415
   236  -0.19920809452299583E-02          863         1391
   237   0.52089203195675145E-02         1343         4447
   238  -0.26091076394234351E-03         4415         8511
   239   0.14839378046285479E-01         2175         2239
   240   0.36967999224660417E-02         2239         2287
   241   0.22863914805455951E-02         4223         4287
   242  -0.12211958122337579E-02         4287         4287
   243   0.10788090796818585E-01         1151         1263
   244   0.49698930224459207E-03          831         1391
   245   0.11895968985856547E-02          879         2415
   246  -0.39701851711887090E-03          255         8815
   247   0.12777838638285601E-02         2367         4463
   248  -0.31755580937384126E-02          447          447
   249  -0.57178348525609184E-04          255         5327
   250   0.29445038702693397E-03         2271         2287
   251  -0.18441987180316157E-03         8431         8431
   252  -0.23235211673812116E-02          863         2399
   253   0.80900988403291043E-03          383         4911
   254   0.22946995798273202E-01         1151         2175
   255  -0.13627086455889911E-02         1343         4415
   256  -0.92104646167908181E-03          383         5455
   257  -0.19901958944163771E-02          735         4767
   258   0.10847635038844215E-02         2271         8543
   259  -0.16999955889924611E-02         1343         2399
   260  -0.18031252690864012E-04         2271         4335
   261  -0.82893288285383806E-02         1151         4223
   262   0.33686312387225786E-02         2239         4335
   263  -0.73731216524212104E-03          383         1871
   264   0.24632744799917984E-01         1151         1151
   265  -0.17096002849920295E-03          879         8911
   266  -0.21176573059219421E-02          831         2399
   267  -0.37005496894227724E-02          479         8815
   268   0.24259904760790345E-02          383          639
   269  -0.57329519160420790E-02          255         8511
   270   0.20767169994382641E-01         2271         2399
   271   0.11566774070834048E-02          863         2415
   272  -0.53429547430154721E-03         8543         8543
   273  -0.12280028954334576E-02          863          879
   274  -0.39435797705971094E-03          831         8543
   275   0.52668671676453969E-04         4447         4463
   276  -0.86108581465765792E-04          383        12623
   277   0.33218896047614163E-03          383         1839
   278  -0.28333431645261454E-03          383         9007
   279  -0.53887688541257611E-01          383         4223
   280  -0.11475890884353886E-02          831         8559
   281   0.77967127238073777E-03          831         4463
   282  -0.26738385863793825E-02         4287         4335
   283  -0.23993853250182041E-01         1247         8559
   284  -0.16460447335156893E-02         4223         4223
   285   0.11501715357964145E-03         2367         8543
   286   0.27418009281000087E-02         2271         2271
   287  -0.36289609486598451E-05          831         2415
   288  -0.70860131580439110E-03          383         9503
   289   0.24974527603633754E-02          863         4463
   290   0.10005451724408827E-01          735         4447
   291   0.39032390027251697E-02         1151         4335
   292   0.10501043796453525E-02          831         1343
   293  -0.55225617975106223E-03          879          879
   294   0.92819883744439582E-03          495          495
   295   0.83660097346002001E-03         2367         2415
   296   0.25373438253580502E-02          383         4943
   297  -0.84340348136782456E-03          831         4447
   298  -0.18570528332357832E-01          255         9551
   299   0.21715656896678117E-03         1695         1695
   300  -0.41322165127651300E-02         1343         8559
   301   0.51165786961816862E-02          479         4703
   302  -0.17269900306971333E-02          383         9519
   303   0.22344884648960777E-04          383        10527
   304  -0.52825678092927974E-03          383         4895
   305  -0.14799237698356865E-02          383         2847
   306  -0.14243397918331898E-03         4463         4463
   307   0.23679303347512119E-02         2367         8559
   308  -0.20657941864150420E-02          383         1823
   309  -0.32274801992881845E-03         8415         8415
   310   0.12772767165240100E-02         1375         2415
   311  -0.56721947106263071E-02         8383         8415
   312   0.36138366499946948E-02         4415         8543
   313  -0.25035098504602448E-04         4463         8559
   314  -0.11534767051644818E-02         1343         8543
   315  -0.13066787246451320E-02         2399         4463
   316   0.96372585942441413E-01          703         1375
   317  -0.11719445528244937E-02         1343         1343
   318   0.44114410686500781E-03         8383         8383
   319  -0.39216176491868966E-02          639         8655
   320   0.16920233255146905E-03         4767         4783
   321   0.60881717051117137E-03         8543         8559
   322  -0.74371197172730369E-04         4447         8543
   323   0.14341712745386849E-03         2399         4447
   324  -0.58998597617686511E-02          639          639
   325  -0.72422534994427724E-02         1151         9311
   326   0.14712097529910199E-03         8511         8511
   327  -0.18439870868831276E-03         8559         8559
   328  -0.24206505241763016E-02         1375         1375
   329   0.10007264525063880E-02          383        10543
   330   0.73904077226542983E-03          383         3407
   331  -0.31171596789527603E-03          383         2863
   332  -0.11044803342698006E-02         2415         2415
   333   0.74371914760552969E-03         2367         2367
   334  -0.69147507807548514E-04          863          863
   335   0.14867171632086276E-02         2399         2399
   336  -0.30463334772415074E-04         4783         4783
   337  -0.37726274420252456E-04         8543        12495
   338   0.26298961056737745E-02          255          495
   339  -0.43936988234272334E-01          255         2847
   340  -0.16085664615793072E-01          447         5215
   341   0.76546088406635460E-01          255         1823
   342  -0.17175057986373088E-01         1151         4511
   343   0.51166216397976819E-01          639         1439
   344  -0.37283874667989499E-01          255         6431
   345  -0.21917144304591008E-01          447         6239
   346  -0.23112084297366952E-01         2175         4511
   347   0.28903549640766435E-02          831         4415
   348   0.39738722149341302E-02          383        10575
   349   0.12707079998987324E-02          831          863
   350  -0.32708509057373719E-02         8383         8431
   351  -0.45470302562924531E-02         4287         8543
   352   0.60501211596777540E-02         4287         8559
   353  -0.35915638289140033E-02         2239         8383
   354  -0.21104762394590451E-03          255         5183
   355   0.14616886490236170E-01          703          863
   356   0.14317621072003233E-02          479        10351
   357  -0.17925226274412536E-04          831        12495
   358  -0.72238472269885402E-02          447         2239
   359   0.16377589339851371E-02         4319         8911
   360  -0.12260334612808302E-02          255         3183
   361  -0.13588528765370420E-02          879         1391
   362   0.81996138773295143E-02          383         2415
   363   0.99134373362641805E-04          831         8863
   364   0.94337614195992624E-04         4415        12447
   365  -0.66715597788698233E-01          255          703
   366  -0.20688172203458702E-02          383         2511
   367   0.50455450832553393E-01          383         8559
   368   0.11038384804294222E-01         1247         4527
   369  -0.67059779467258868E-03         1247         1487
   370  -0.16075843419462860E-01          383          831
   371   0.35039548103941720E-01          639         1215
   372  -0.46152229937921688E-02          255         9615
   373  -0.12155335401704617E-01         1151         8655
   374  -0.10201186151402981E-02         1151         1375
   375   0.47598424361522500E-02          383         1343
   376  -0.61488699371972403E-02         1215         4511
   377  -0.10239827803250681E-01         2239         4703
   378  -0.32723468941376851E-02          479         4335
   379  -0.11132683837110625E-01         2175         2511
   380   0.62796055819422580E-02         4319         4511
   381  -0.51689813590321456E-02         1151         8511
   382   0.10048402417071559E-01          255         1487
   383   0.15713014375910217E+00          255         4319
   384  -0.25498349662616136E-02          639         4415
   385  -0.29529453072096820E-02          447         3279
   386  -0.47902002432585779E-02          255         2239
   387  -0.26727836387824976E-02         2271         4511
   388  -0.54175209055324428E-02         2175         8415
   389   0.12417615301201047E-01         2271         8431
   390  -0.48306336051934396E-02          479         2271
   391  -0.42700625653417318E+00          255          447
   392   0.51095187552141104E-01          703          831
   393  -0.10042906873353775E-01          447         8383
   394   0.48965876082201565E-02          447         4319
   395   0.60015014135559326E-01          255          479
   396  -0.51061535352435179E-03          447          863
   397   0.37429677838289627E-01          751          879
   398   0.12937518607798015E-02          255         1343
   399   0.84407867356218352E-03          479         4767
   400  -0.69388287279303412E-02          255         2415
   401   0.65339658664777230E-02          639         2399
   402   0.15340576940960256E-02          479          879
   403  -0.21672708940310752E-01          383         4511
   404   0.13350334380064529E-02          447         1343
   405   0.10325161102705939E-01         1151         2271
   406   0.48616140368756708E-01          703         8559
   407  -0.92564533258619949E-02          255         4223
   408   0.10985011545853632E-02          447         5327
   409  -0.62502754907116150E-02          479         1711
   410   0.35854294361652539E-02         2271         2655
   411  -0.22071019853415655E+00          255          639
   412   0.10504165781093854E-01          447         1695
   413   0.48682600634648604E-01          735          879
   414   0.23638893177701556E-01          639         4287
   415  -0.51855417323585827E-02         1151         2367
   416  -0.28858147616571106E-02          479         8415
   417  -0.83234432736429935E-02          383          735
   418   0.87895042561813540E-02         2239         8815
   419   0.24674540176344795E-01         1215         2399
   420   0.18812257739101217E-01          383         1695
   421   0.12981985050453020E-01          703         4511
   422  -0.61610965338426632E-02         2239         4511
   423  -0.13415246723040032E-02          479         1391
   424  -0.45319022604136248E-01          383         4463
   425   0.65773216127607594E-02         4223         4319
   426   0.11188215532014557E-01         4319         8543
   427   0.85343904788348092E-03         1391         1455
   428   0.48708496215946265E-02         1247         4447
   429  -0.20599109263535627E-02          383         4559
   430   0.12907475263864510E-01          383         4527
   431  -0.49655053900876676E-01          255         2175
   432  -0.16364506886160336E-02          447         5295
   433   0.10477900420228252E-01          383         4415
   434  -0.11252634756258207E-02          447         4415
   435  -0.26709426525721048E-02          639         1343
   436  -0.44296531730102735E-01         1247         2415
   437  -0.22224379701175807E-02          383         9279
   438   0.15215332547554832E-02         1247         2463
   439  -0.10662895554070335E+00          703         4463
   440  -0.61167268875788128E-02         1215         2511
   441   0.43170436862552897E-01          255         9007
   442  -0.17810316071998245E-02          479         8911
   443   0.17951106640328379E-01         1151         2479
   444  -0.43257496317128672E-02          447         6303
   445  -0.87686422350135539E-02          255         3135
   446  -0.30465066182123910E-02          735         2463
   447  -0.20364603275820942E-02         1151         1247
   448  -0.45649998864792001E-02          639         4319
   449   0.67061749046992344E-01          703         4447
   450   0.11528539067280422E-02          255         5007
   451   0.27417130281936399E-02         1263         2479
   452  -0.91619305775903926E-02          703         2463
   453  -0.88977317356285862E-04          447         1391
   454   0.57563094750637915E-02          255          879
   455   0.99389513583506006E-02          447         4447
   456  -0.29031881044960088E-02          255         2511
   457  -0.71509948992534971E-02          255         2479
   458  -0.12948080505695764E-01          383         8623
   459  -0.21142944687490813E-02         4415         4511
   460   0.25484825581967486E-03          447          831
   461   0.29178305028457981E-02          447         9391
   462  -0.43885423690515988E-02          703         2511
   463   0.10899681533765566E-01         2175         4287
   464  -0.22672380199857275E-01          479         3183
   465   0.16657624989894877E-01          447         8543
   466   0.15471990873653736E-01         8415         8543
   467   0.81805326480120372E-02          255         2655
   468  -0.14876337641213007E-02          447         8431
   469  -0.32043103298089189E-01          255         3407
   470  -0.40937225278763547E-03          447          879
   471   0.17617712891526856E-01         1215         4415
   472   0.47044630628714600E-03          383          943
   473   0.44933086328825100E-02          255         1247
   474  -0.82695350449175677E-02          703         1487
   475   0.72913530863591590E-02          447         4767
   476  -0.34076250711635211E-01         2239         2415
   477   0.22145559880027647E-01         1215         8543
   478  -0.48949298409498992E-02          479         8431
   479   0.16099327554491634E-02          479         1247
   480   0.17456312014285900E-01          735          943
   481   0.90012921666670267E-02         4223         4415
   482   0.48540081247921470E-02          479         9311
   483  -0.59315368444697349E-02         1215         4703
   484   0.33723253700172033E-02         1247         8863
   485  -0.93665615363051055E-01          255         4911
   486   0.29697020628311338E-02          479          495
   487  -0.56822379981383321E-02          639         2367
   488   0.34601772762879552E-02         4287         4559
   489  -0.43852198850338866E-02         2239         6351
   490   0.40680113056268162E-02         1247        12447
   491   0.21996737733140467E-01          639          751
   492  -0.74036105726645713E-03          639         8511
   493  -0.21954789191723245E-02         1247         1455
   494   0.61667163696144554E-02          255         6207
   495  -0.65973455779510370E-02          735         8911
   496  -0.39421339160048861E-02         2239         6303
   497   0.11775294865771075E-02         1247         8607
   498   0.16630910334267366E-01          703         1439
   499  -0.97860607626516355E-02          255         3471
   500  -0.38731013315764710E-02          383         5007
   501   0.75704604156662534E-02          255         4671
   502   0.88321158220605912E-02          447         5183
   503  -0.68341955166881917E-02          479         3247
   504   0.83757968261964164E-02         1215         9423
   505  -0.74125316501019679E-02          751         8911
   506   0.79339635634043480E-02         1247         1439
   507  -0.12022954655828539E-02          479          943
   508  -0.14603741956839651E-01         1247         2479
   509  -0.49007002700075797E-02          703         8815
   510  -0.61536017929897917E-02         4335         8623
   511  -0.10650383934031877E-01          255         2959
   512   0.20192102579233573E+00          255         8415
   513   0.20611200793398361E-01          255         3359
   514   0.12598398050035004E-01          255          927
   515   0.11024792602933353E-01          751         1391
   516   0.36833634286080222E-02         4319         4719
   517  -0.84506942081344308E-01          255         4335
   518  -0.28363548458984547E-01          639         2239
   519   0.13326349865559453E-01         8383         8511
   520  -0.44024793027618563E-02         2287         8431
   521  -0.53610446163246273E-02          383         1391
   522   0.28947298621798435E-01          383          751
   523   0.84407463197789759E-01          255         8431
   524   0.44036177481325206E-02          447        10399
   525   0.57137490884325006E-02         4287         4815
   526   0.24283694563615602E-02         8415         8863
   527   0.16456063515218826E-01          255         9519
   528  -0.67357393208859057E-02         4335        12495
   529   0.21362227603713636E-02         2271        12495
   530   0.73498143687976258E-02         2271         2463
   531   0.85615102168861389E-02          447         9327
   532   0.57616647958956407E-02          383         3231
   533   0.10825758813991348E-02          383         4703
   534   0.22915522738023591E-01          383          479
   535   0.22949066388947823E-02         2175         8511
   536   0.28247345780857613E-02         1215         8623
   537   0.38426942320523363E-01          735          863
   538  -0.69921590736901316E-02          255         8319
   539  -0.95818580239931082E-02          255         5423
   540   0.55703896788857387E-02          735         2671
   541  -0.53397219942923372E-02         1247         2671
   542   0.53926593543355628E-02          735         8415
   543   0.16758714890135914E-03          703         8655
   544  -0.39194159315107590E-02          639         8799
   545  -0.49831976255077974E-02         2287         6351
   546   0.22605252500175516E-02         4223         8431
   547  -0.27961204658659964E-03          703          927
   548   0.78549666723505676E-01          383         4447
   549   0.21160372989878730E-02         1247         4511
   550   0.65369086525413598E-03         1215         1487
   551  -0.25086763550117770E-02          447         2767
   552   0.21177377100555328E-02          479         4783
   553   0.63296411440540963E-02          383        10415
   554  -0.19321782631185056E-02         2175         2671
   555  -0.65326913596473572E-02         1247         8623
   556  -0.35982725909716878E-02          703         8879
   557  -0.10985194387919111E-02          447         8623
   558   0.50657383926606490E-02         1215         2479
   559  -0.62582655211785108E-02         2239         4415
   560  -0.37058294974374093E-02         1151         8543
   561  -0.28263139616607116E-01          639         2463
   562  -0.99672604007136081E-03          831          927
   563  -0.38123821497734376E-02         2175         8559
   564   0.36002015776263807E-02          479         5215
   565   0.42406788646240298E-02          735         4527
   566   0.60874392064807232E-02         1215         4559
   567   0.21883459939665995E-01          447         8815
   568   0.32791644333634969E-01          255        10527
   569   0.40231864498453430E-02          479         4319
   570   0.53530612645741838E-02          255         3167
   571  -0.12887546429743170E-01          479         9327
   572   0.83860913272261785E-02          255         8991
   573  -0.51073632269664181E-02          255         1647
   574   0.45824000788445242E-02         1215         2463
   575   0.11232017487574403E-02          447        12463
   576   0.23538452285016558E-02          255         5231
   577  -0.77947874241186803E-02          383         6319
   578   0.88118339247586681E-03         2399         4511
   579  -0.80093543255106226E-03          383        10335
   580   0.19636115020240140E-02         1151         1647
   581   0.11991118359913483E-01          255        12623
   582   0.61411319797011685E-01          255         4895
   583   0.15261897813898884E-02          495         3247
   584  -0.10872401297268634E-01         1215         2367
   585   0.75003791509708224E-02         4287         4319
   586  -0.36161899722792204E-02          639        12495
   587  -0.19798199647241706E-02         1375         8623
   588   0.12748289637783620E-02          735         4511
   589   0.77803890273620297E-02         1215         1455
   590  -0.89493223531466326E-02         1247         1391
   591  -0.40939871983179414E-02         1215         8383
   592  -0.15050127807328358E-02          943         4783
   593   0.13605800770359319E-01          751          943
   594  -0.18020902561882098E-01          479         2671
   595   0.19532549985977589E-02         4287         6207
   596  -0.78900838813448903E-02          703         6239
   597   0.90728161240947649E-02         4319         8607
   598   0.21285791499718039E-02         4415         8559
   599   0.11463535933018084E-02          479         4447
   600  -0.48722478925457852E-02         1215         5279
   601  -0.44082025032359147E-02          735         5279
   602   0.13267210913624268E-01          447         3167
   603   0.31715812191420972E-01          447         4703
   604   0.67181065492277923E-02         4335         4527
   605   0.11386516788765403E-01         4319         8559
   606   0.12035883988630931E-01         1151         8607
   607  -0.41043531345809917E-01          735         2415
   608  -0.23353397179617420E-01         2271         2415
   609   0.59354888520961628E-02         4319         4527
   610   0.29260894407703445E-02         8543         8655
   611   0.17496666125740822E-01         2175         8607
   612  -0.30522448197383384E-02         8319         8431
   613   0.59057297046893609E-02         1247         2399
   614   0.21267036437628267E-02         4415         4447
   615   0.13350341325214567E-01         4319         4463
   616  -0.12968552665672494E-01          255         8655
   617   0.23323986613952245E-02          703         8607
   618  -0.17726115981861870E-01          703         4527
   619   0.95173065811793023E-02          703         4719
   620   0.29159848057845059E-02         8383         8767
   621  -0.57690993883905061E-02          383         8863
   622   0.48490756107618434E-02          383         9039
   623  -0.57948496441207770E-02         2175        10335
   624  -0.50374130274697558E-02         4287         8767
   625   0.50281225067193664E-02         2287         2671
   626  -0.27429716013463749E-02         4447        12623
   627   0.86932614583544784E-02          703         8623
   628  -0.15255991978692656E-02         2287         2511
   629   0.97385565468769938E-03          383         1455
   630  -0.12363763819739823E-01          735         1455
   631   0.32286366916192279E-01         2287         2415
   632  -0.14167333359202492E-02         1215         1247
   633  -0.54980375249012352E-02          479         2655
   634   0.33451327425763157E-01         1215         2415
   635   0.16101953588384704E-01          447         3183
   636   0.86618001828941485E-02         8415         8607
   637  -0.64134679291604465E-02          703         4767
   638  -0.24245598715749092E-02         2415         6479
   639  -0.26813392917465905E-02          255        12399
   640  -0.15527428033922496E-02          447         8511
   641   0.14017024257205911E-01         4319         4447
   642   0.16022681654961575E-01          447        10335
   643   0.93257952144569951E-02          639          831
   644  -0.62901953401925479E-02          863         4527
   645  -0.12715443883017116E-01          735         2479
   646  -0.15346579438025816E-01         4335         8559
   647  -0.17573567250729384E-02         1215         4527
   648   0.32660233226937696E-02          447         9375
   649   0.39247308558280460E-02         4335         4719
   650  -0.10739038051132952E-02         2271         8655
   651  -0.20234733541371346E-02          479         2415
   652   0.26420332745691428E-02          383          975
   653  -0.14061715641691308E-01          639         1151
   654   0.15652445072038082E-02          479          863
   655  -0.55234043701285745E-02         1151         5215
   656  -0.47680471302270801E-02          255         8767
   657  -0.25443287946231841E-01         4287         8511
   658   0.74038549652127713E-02          639          927
   659  -0.36863620348588037E-02         2399         8543
   660  -0.68454823155800881E-02          703         4703
   661   0.18254008701444088E-02          447         3231
   662   0.24940699795513350E-01          447        10351
   663   0.64924988121146405E-02         4287         8911
   664   0.10537291424340883E-01          639         4559
   665   0.13294028941613367E-02          255        10303
   666  -0.62358381677446852E-03          383         2367
   667  -0.11470693957755290E-02          735         8623
   668   0.28035650594962413E-02          447         2415
   669   0.11154498643076072E+00          383         8543
   670  -0.24671178358183693E-01          447         2655
   671  -0.57492550748246005E-02          383         9423
   672  -0.27991875718808554E-01          255         2271
   673  -0.21008181456521262E-02         2175        10351
   674   0.93631613118984650E-03         1375         4511
   675  -0.62862423532317703E-02         2239         8911
   676  -0.13682854742203265E-01          703         1343
   677   0.50829778303159937E-02          495         1647
   678  -0.81280532161106169E-02          639         4447
   679  -0.33764400147402048E-02          383         2767
   680   0.42196089886659778E-02         2175         4447
   681  -0.13200551073968487E-02          751         1487
   682   0.81697482122100734E-02          255         5519
   683   0.39341435004739654E-02         8543        12623
   684   0.39715932331160471E-02          703         2655
   685  -0.65921372755139594E-02         1215         9375
   686  -0.23556838079067551E-01         2271         4463
   687  -0.20615595082460031E-02          383         1487
   688  -0.13678283078346880E-02          255         9103
   689  -0.20244672795160469E-02          495         8911
   690  -0.29009508837234766E-02          255         3663
   691   0.10241361729357067E-02          447        12575
   692   0.45524724925167015E-01          447         1631
   693  -0.36806415901557035E-02          863         9039
   694   0.78005800014898155E-03          447         2399
   695  -0.35770461252047567E-02          479         9391
   696   0.31675356427417773E-02          735        10447
   697  -0.54550674809556417E-02         1151         4527
   698   0.68784300635218870E-02          255        12591
   699  -0.50669081577708490E-01          447         4719
   700   0.53808870756253385E-02          255        12687
   701  -0.10133728869092213E-01         1215         4463
   702   0.15729193121252422E-02          751         8655
   703  -0.35152380176443100E-02          735         3183
   704   0.41452333954376851E-02          383         2463
   705   0.56176804641284543E-02         2239         8607
   706  -0.10703647782225781E-01          255          943
   707   0.34825256295722078E-01         2239         2367
   708  -0.57756190038728093E-02         2239         2479
   709   0.50319404709448113E-02          863         8559
   710  -0.31478481497439004E-02         2399         8623
   711  -0.75546609837867486E-02          703         1455
   712  -0.53596510525287987E-01          255         6447
   713   0.72900456362758378E-02         1215         1599
   714   0.63798679108329585E-02          383         8799
   715   0.16388675058392186E-02          479         8543
   716   0.21452452119118632E-01          751         2415
   717   0.24410521014234751E-02         2175         6255
   718   0.30977190370338577E-01         4287         4415
   719   0.15040399074264788E-01          255         1599
   720  -0.25477597902852215E-03         2175         8383
   721   0.29000798408731279E-02         1151         5231
   722  -0.21846750007913987E-01         1151         2511
   723  -0.32195393063626385E-01         2175         4527
   724   0.79721019495236742E-03          927         2735
   725  -0.30216884456906968E-02         2239         2399
   726  -0.62032578239426218E-02          479         2735
   727   0.55425253145803483E-02         4223         8655
   728   0.26629678435624014E-02         4415         4527
   729   0.20438346247447964E-01          255         9503
   730  -0.16361231870694957E-02          383        10351
   731  -0.28892596794965913E-02          447         1375
   732  -0.17055794932770657E-02          383         1439
   733   0.27410319299109114E-02          479         3167
   734  -0.38551814137077027E-01          255         1839
   735  -0.12054814481865494E-01         2239        12495
   736  -0.41750680006239507E-01          447          495
   737  -0.11096317386728816E-02          863         1455
   738   0.23923651653517618E-02          383        12575
   739  -0.29209581299926169E-02         2271         4767
   740  -0.58824661770419135E-02          447         1599
   741   0.23878035968399519E-01          639          975
   742   0.48260954550742086E-01         1215         1391
   743   0.13108198928839153E-01         1151         2463
   744  -0.18542907970476280E-01          703        12495
   745   0.38811452957348779E-02          479        12447
   746   0.39755239267168542E-02          479         5295
   747  -0.39909636515613267E-02          255         5663
   748  -0.85253095216620330E-03         2399         2463
   749   0.43548002625907918E-02         4287         6351
   750   0.55005471024893449E-02         2399         8559
   751   0.24622065849820182E-01          447         4287
   752  -0.40257517457966251E-02          383         5279
   753  -0.95514990260233551E-02          831        12623
   754   0.41481660300645810E-02         1215         2671
   755  -0.33459579081081263E-01          255         2895
   756  -0.66753882087014452E-01          383          495
   757  -0.76453672728705102E-03         2415         2479
   758   0.18331057724365065E-02          383         9551
   759   0.16165770150037943E-02         1375         4527
   760  -0.12035870161567406E-01          255         1935
   761   0.59968228360026896E-02          639         4783
   762   0.13732252112764645E-02         1343         4527
   763  -0.37577610443973062E-02         1263         9423
   764  -0.33005782025700525E-02          735        12447
   765   0.16805779243095327E-02         1151         9375
   766   0.61451386988343850E-02         2239         2623
   767  -0.51929145586408819E-03         4287         8607
   768  -0.13220241936303368E-02          479         6303
   769   0.68773576868923969E-02         1215         5327
   770   0.57092102105675236E-02          447        10415
   771  -0.54885696867931237E-02          447         4463
   772   0.10915336462501354E-01          383         2735
   773  -0.10761214791266767E-01         1151         2239
   774  -0.45341469792977524E-02         2287        10447
   775  -0.11652815319022187E-02         2175         4415
   776  -0.16684501091260456E-02         2415         4527
   777   0.43045594803500309E-02         1343         9039
   778   0.36432025365915580E-02          383         4815
   779   0.11416085104105878E-01         2287         2479
   780  -0.62850755658003087E-02          383        13071
   781  -0.25297825335728204E-02         4223         8511
   782   0.97276483082131618E-02          255         1215
   783   0.11542639847090094E-02         4511         8911
   784   0.10143609330931386E-01          703         2367
   785  -0.30809300544281334E-02          447         6207
   786   0.73376137840544086E-03          479          927
   787  -0.91401893051527687E-03         2479         2767
   788  -0.44136395457876863E-02         1247        12495
   789   0.17141997626842198E-02         2399         8607
   790   0.13255602967673721E-01         8431         8559
   791  -0.95079028657345434E-02          255        12383
   792   0.18010770578089669E-01          383         8319
   793  -0.18096293630338388E-02         2175         2463
   794  -0.10305212873326393E-01         2271         4527
   795  -0.15228703678059274E-02          863         8607
   796  -0.21558649242301949E-02          495         1263
   797   0.49596472343403772E-02          447         2735
   798  -0.45782526497872345E-01          703         1391
   799  -0.47414236326928892E-02          447         1743
   800  -0.10382134477819218E-01          447         4783
   801  -0.14496757646866549E-01          447         2287
   802  -0.15961870756222819E-02         1343         4511
   803   0.10059530735043109E-02         2399         2511
   804  -0.39124633934296592E-02          863         4511
   805  -0.27669037087249366E-02         8559        12623
   806   0.27912195383256923E-02          383         2655
   807   0.94399902811398483E-03          879         2479
   808   0.58487745272735644E-02          703        10447
   809  -0.34721785152084877E-02          447         6351
   810   0.15261566490165001E-02          495         4335
   811   0.28129426494256987E-02          703         1647
   812  -0.15187797940557028E-02          479         2719
   813   0.13156814931063120E-02          495         8431
   814  -0.27716299312087408E-01          383         8607
   815  -0.24401552955928562E-01          639         1455
   816  -0.19905394351095087E-02          479         4911
   817  -0.12400915414613332E-01          383         3279
   818   0.10320085315851995E-02         2271         2511
   819  -0.53789163092035682E-02         2239        10447
   820  -0.44463259184876636E-02          735         9375
   821  -0.10418544447284815E-02         4415         8607
   822  -0.13218426206103098E-02         4287         4527
   823  -0.26893865249323595E-02         1375         8543
   824  -0.20997478190541959E-02          383         3135
   825   0.47049200208919700E-02          255        12879
   826   0.71313975928301325E-02          639         1391
   827   0.37717355621340164E-02          735        10399
   828  -0.78781032598410003E-02         8415         8623
   829  -0.17522554201885802E-02         2415         8559
   830  -0.84248012843264417E-02          255         4559
   831  -0.10160779332747553E-01         2271         4447
   832  -0.86276390620035218E-03          927         4767
   833  -0.34970452677742891E-02         4463        12623
   834   0.81434997241365895E-02         2239         8623
   835   0.13079712286371125E-02          495         2415
   836   0.11379455922729247E-02         2287         8655
   837  -0.89912833420593139E-03         2415         4559
   838  -0.15834090623280016E-01         8415         8559
   839   0.11496082955196387E-01          383         8511
   840  -0.35512911793873551E-02          639         4703
   841   0.30341833216506885E-02         4287         8655
   842   0.27198301305722756E-02         4319         4767
   843   0.25505997529030079E-02          735         2655
   844   0.99680928786674127E-02         1263         2415
   845   0.51611602656091420E-02          495         3183
   846  -0.21603661363048299E-01          447         1647
   847   0.10602253863287807E-02          751        12687
   848  -0.39129512027749830E-02         2175         8543
   849   0.95324181002843763E-03          735         4559
   850   0.91224141796514562E-03          495         1391
   851  -0.36532714746858545E-02          751         6351
   852   0.14752592249608020E-02         1375         8607
   853   0.84044326232956424E-02         1263         1455
   854  -0.77860180072205996E-02          383         1711
   855   0.35168394839302466E-01          639         4511
   856  -0.57843510454968104E-02          447         3135
   857   0.66095049487367675E-02          383         5327
   858   0.83481105667519782E-03          479         3231
   859   0.21479831905752704E-02          447         4527
   860  -0.83950661777334023E-02          255         6543
   861   0.11101837920459970E-02         1375         1487
   862  -0.49450966709353112E-02          447         5231
   863   0.33440023225574946E-02          703         3167
   864   0.45776012380968678E-01          255        10543
   865   0.44320815633876423E-01          255         2863
   866   0.15377404535488711E-02          751         4527
   867   0.22389396455740744E-02         4335         4783
   868   0.62338515816763489E-02          479        12399
   869   0.74142787964833678E-02          751         2479
   870  -0.94169307153339852E-02          255         6687
   871   0.78681995514723532E-02         4319         8799
   872   0.52265734719317445E-02          863         4447
   873   0.43192828819806585E-02         2175         2415
   874   0.44687805485123626E-02         4319         4783
   875  -0.13392729861392693E-02         8559         8655
   876   0.23832067772221292E-01          255         3375
   877  -0.77610562585184424E-02          383         2719
   878   0.26805838476999879E-01          447         2671
   879   0.50435606605672614E-02          447         2623
   880  -0.52763811800401019E-02         2271         4719
   881  -0.99300249805657319E-02         2239         4527
   882  -0.25045088115515996E-01          255         1871
   883   0.42479234390754329E-01         1215         1343
   884  -0.31379233127774804E-01          735         1391
   885   0.47514878925107003E-02          447         8879
   886  -0.80687951103411686E-02          703         8863
   887  -0.51483123805201973E-02         2239        10399
   888   0.19142997488606674E-01         4335         4463
   889   0.32025304915573025E-01         1247         4463
   890  -0.11759928402377280E-02         2415         2511
   891  -0.75641710152202467E-02         2239         4559
   892   0.76953854006632603E-03          383         5183
   893   0.33299424736777943E-02         1151         4415
   894  -0.18565417296251782E-02          927         4783
   895   0.16548482814888670E-01         1151         4559
   896   0.54075381855274052E-01          703         2415
   897   0.63747066861163746E-02         4223         4559
   898   0.94571417477378643E-03          383        12591
   899   0.54037923337274998E-02          479        12383
   900   0.90125162925892193E-03         2399         4527
   901   0.59468236067211112E-02         1215         8911
   902  -0.58873580132385315E-02         2239         2671
   903  -0.62514015916618083E-02          447         6319
   904  -0.37960235519291451E-02          447         5279
   905  -0.84898605314495633E-02         2239         4719
   906   0.51180543213705026E-02         4319         4703
   907   0.45534189035885296E-02         1247         9391
   908   0.10863205278951718E-01          447         9311
   909   0.24465330577201822E-02          703         9327
   910  -0.83212202140914098E-03          383         3359
   911  -0.55858138817687961E-01          639         4527
   912   0.16473007945523345E-01          479         5231
   913  -0.18026837807860827E-01         2175         2479
   914   0.46131170683383566E-02         8431         8623
   915  -0.39909954245189259E-02         8415         8815
   916   0.14257454030933677E-02         4447         4559
   917  -0.15668794455289171E-02         8319         8415
   918  -0.12022222414534913E-02          831         8655
   919   0.55670816619292412E-02         2239         8799
   920   0.28682499713045349E-02          255         9775
   921  -0.89652456940458158E-02         2271         2479
   922  -0.10970374219024756E-02          383        12351
   923  -0.30321016600096699E-02          383         2623
   924  -0.19997867386884964E-01          639         2511
   925   0.32134259307130368E-01         2239         8543
   926  -0.32836503665991455E-02         1151         2415
   927   0.48831180398313783E-02          383         1647
   928   0.33228570400240989E-02          495         2735
   929  -0.47589212202595269E-02          863        12591
   930   0.13397055396838680E-02          383         4719
   931   0.29564424174802831E-02         2175         4463
   932  -0.14415608407551418E-01          479         1647
   933   0.22681167254515223E-01         1263         1391
   934  -0.61119249928804518E-02          255         6703
   935   0.15113289503861881E-02         4223         4511
   936   0.28678430793937313E-01          639         2479
   937  -0.83098150044699313E-02         2271         8415
   938   0.59510457946022263E-02          255        10783
   939  -0.10959197605625503E-02          447         4511
   940  -0.24437543182743229E-02         4415         4703
   941   0.10289472708163482E-01          495         2671
   942   0.21688316295318021E-02          639         8607
   943  -0.40714775394775256E-02         2367         9039
   944  -0.23174383472043163E-02         2767         2895
   945   0.16373847193516000E-03          447         8607
   946   0.26915690399098063E-01         2175         8623
   947   0.42704351761214910E-02          735        12383
   948  -0.21354969817236301E-02          383         9103
   949   0.79914663327138261E-02          639         4463
   950  -0.40236936350630491E-02          479         6319
   951   0.40882136014216896E-02          703         4783
   952   0.30905088030897801E-02         1215         8815
   953   0.27722668004833079E-02         1215         4671
   954  -0.59095767260723001E-02         2239         2511
   955  -0.29141758244680322E-02          751         4815
   956  -0.24940187017041212E-02          703        12351
   957   0.84505488812022782E-02         1215         1647
   958   0.36275485697915108E-02         4319         8623
   959  -0.19383288772679647E-02          751         8431
   960   0.65386103644912230E-02         4287         4671
   961  -0.81484823936619165E-03          879         1487
   962   0.27551927227638605E-02          831         1487
   963  -0.27997504430335289E-02          495        12463
   964   0.10491134651080137E-01         2175         2367
   965  -0.76739286400508205E-02          703         1631
   966   0.46763246685437776E-02          751         4463
   967  -0.11456204003907518E-02         4287         4511
   968   0.81652534023600488E-02         8415        12495
   969  -0.60210899626304765E-02         1151         1391
   970   0.16644476060661141E-02         2287         2735
   971  -0.34907551012343177E-02          703         2671
   972   0.53044071764351032E-02         2271        12447
   973   0.40010273893199546E-02         4415         9039
   974   0.59320620506822311E-02         2287         4463
   975  -0.43531106696449856E-02         1151         1487
   976   0.89490030907973268E-02          703         2479
   977   0.21550272684419821E-02          879         4719
   978  -0.16525351206039163E-02          879         2511
   979   0.18183087815422073E-02          447        10447
   980   0.74181997448831373E-02          447         8559
   981   0.20736287809024118E-02         2415         8623
   982   0.30584170659681826E-02          703        10335
   983   0.33696751788263525E-02         1343         9551
   984   0.69270856935929213E-02          703          751
   985  -0.48205716917971604E-02          703         9423
   986   0.33600916626067355E-02         2175         8863
   987   0.36158175919840663E-02          703        10351
   988  -0.32783096964149935E-02          639         1695
   989   0.61540214692742913E-02         1247         4719
   990  -0.19670910738403677E-02         1215         8655
   991  -0.82434444708729855E-02          735        12463
   992   0.26591943031498205E-02         2271         6351
   993  -0.96257121252515921E-03         8607        12447
   994  -0.23102230950400511E-02          703         5215
   995  -0.46089457800957811E-02         8383         8655
   996  -0.15844418476552672E-02          383         2479
   997  -0.34302222192436741E-02          639         8559
   998  -0.45988853871747415E-02          447         1711
   999   0.16883685813719111E-02          831        12687
  1000  -0.22849324726043440E-02         2287         6319
  1001  -0.25899899227859306E-02         8511         8543
  1002  -0.12623258482308802E-01          447        12351
  1003  -0.59478327252972382E-02          447         2719
  1004  -0.15683361738018806E-01          255         6479
  1005   0.28046652832695610E-02         4447         8655
  1006   0.21239023176520028E-02          863         2479
  1007  -0.31512314778037076E-02          831         4895
  1008   0.71314598840657292E-02          255        10799
  1009  -0.93199129474516706E-02          255        14479
  1010  -0.18993261839574183E-02          703         4559
  1011  -0.11664781595027689E-01         2175         4559
  1012   0.31759298193383689E-02         1215         8607
  1013   0.17315326876802188E-02         2367         2479
  1014   0.29146902224399022E-02         4287         9375
  1015   0.15842233139079791E-02          447        10575
  1016  -0.22111302825804126E-02         4223         4335
  1017  -0.12097788088152610E-01          479         6255
  1018  -0.26655760040658165E-02          639         8879
  1019   0.29062850062298931E-02         8431         8815
  1020   0.27887372183220210E-02          383         6239
  1021  -0.29565909800142562E-02         1151         9327
  1022   0.24298101853847511E-02         2239         6319
  1023   0.19473222775625934E-02          447         9039
  1024  -0.18915669355632824E-02          831         4559
  1025  -0.53503220669571076E-02         8431        12495
  1026  -0.26026797452026601E-02          447         9423
  1027  -0.58173568195679067E-02          479         6239
  1028   0.13640252192491266E-01          735          927
  1029  -0.18663798757272501E-02         1375         2399
  1030   0.24639771174017906E-01          255         5455
  1031   0.38519234471008426E-02         1263         1647
  1032   0.31057054880936031E-02         1215        10447
  1033   0.88697160390607196E-02          703          975
  1034  -0.65732320908649432E-02         4287        12447
  1035   0.97949441395306213E-02          383         3247
  1036   0.87261140400455260E-03         1263         8623
  1037   0.51650493679194507E-02         8319         8511
  1038  -0.34833109881175143E-02         2239         5327
  1039   0.38497483768027119E-02          751         1455
  1040   0.37679898308655710E-02          703         8543
  1041   0.30525935582066924E-02          255         9759
  1042  -0.29329382849080541E-02          447         4671
  1043  -0.36116696073162109E-02          639         4767
  1044   0.27592344245070911E-02          703         9311
  1045   0.47930555235173493E-02         2175         8879
  1046  -0.30645965755520372E-02         4783         4911
  1047   0.32626631632425140E-02          383          927
  1048  -0.75806162361986308E-03          927         1695
  1049  -0.35281503709333165E-02         1263         5327
  1050  -0.10445361799176631E-01          255        12943
  1051   0.42843088669985039E-02          495          879
  1052  -0.27424947808335240E-02         2271        10415
  1053   0.24038176116302030E-02          447         8799
  1054   0.29334856841823809E-02          447        12399
  1055   0.19603950111870424E-02          879         8623
  1056  -0.70382538690985140E-02          383         6351
  1057  -0.12106779058212199E-01          255         2623
  1058  -0.26460634190678956E-02         4415         8623
  1059   0.14759368802899808E-02         2287         4527
  1060  -0.89326592130506348E-04          255        10575
  1061   0.25837003129278364E-02         1215         8799
  1062  -0.22346184774832689E-02         1215         1439
  1063  -0.27170186925120580E-02          255         6799
  1064  -0.77959124446062471E-02         8319         8655
  1065  -0.82571342145508434E-02         4287         4463
  1066  -0.49650733162609892E-02         2271         4783
  1067  -0.42573318089712299E-02         8383         8911
  1068  -0.95601739001760170E-02          639         1375
  1069  -0.59378319317788747E-02         2175         4783
  1070   0.26191579369356037E-02          831          879
  1071  -0.95840325892856926E-03          447        12591
  1072  -0.44043593554530724E-02         4223         4527
  1073  -0.45887913141326861E-02          383         1631
  1074  -0.11294167057784850E-02          495         2895
  1075   0.24496559205913683E-01          639         8623
  1076  -0.35957779694327690E-02         1343         9503
  1077  -0.32966165433103117E-02         8415         8879
  1078  -0.39702305819212256E-02         2239         4815
  1079  -0.23166429350505516E-02         1263         9391
  1080   0.10983007868842860E-02         8607         8911
  1081   0.13880531525756825E-02          943         2767
  1082  -0.21488457197062424E-02          863         8623
  1083   0.96721643469320408E-03          703         9103
  1084   0.25603723082085569E-01         1151         1455
  1085  -0.68195463296748145E-02         2271        12463
  1086   0.83320500192403662E-03          879          975
  1087   0.28972369561500941E-02         4415         4719
  1088  -0.21514295096847040E-02         2271         4703
  1089   0.84798055943366771E-03          927         8879
  1090  -0.60069226236041297E-02         4319        12495
  1091   0.11242057820249891E-02         1343         2511
  1092  -0.95277351706436568E-03          943         6319
  1093  -0.35604413217594716E-02          383         2671
  1094  -0.11354868888118143E-02          863         1439
  1095  -0.57347458561078628E-02          447        12495
  1096  -0.10954418372201788E-02          495        12623
  1097  -0.69590465387215968E-02          639         2415
  1098  -0.24902324723964490E-02         2367         4559
  1099  -0.60833005999209933E-01         2239         4463
  1100   0.21865903110250746E-02          255         3615
  1101   0.14129602096452463E-02          863          975
  1102   0.22711500192258587E-02          639        10335
  1103   0.46837688599614133E-02         4319         8863
  1104   0.81502023582763331E-03         4287        12687
  1105  -0.34545069490381783E-02         1215         9391
  1106  -0.24346354859990922E-02         1343         5407
  1107   0.36324058545799042E-02         1247         5295
  1108  -0.83547477699866049E-02          383         6303
  1109  -0.75934556528255679E-03         1343         1439
  1110  -0.16055433921232439E-02          383         6543
  1111  -0.58594674263135903E-03         4415         4463
  1112   0.12886750525190299E-02          863         2463
  1113   0.74106608909239608E-03          943         1743
  1114   0.15327310540220823E-01         1151         1343
  1115  -0.35706540024247348E-02          495         8655
  1116   0.19569656458199242E-02          735         1647
  1117  -0.26908951091886932E-02         4335         8815
  1118  -0.36322309129323176E-02         4415        12575
  1119   0.18602219800734738E-02         1215         2655
  1120  -0.29359222453114234E-01          447         6255
  1121  -0.18177654252277580E-02          447         4815
  1122  -0.40786280210813371E-02          735         6255
  1123  -0.22797162493971928E-02         2415        10575
  1124   0.32754389546275418E-02          639         2767
  1125  -0.35664898050842288E-02         2175         6239
  1126   0.95478529081767429E-02         1151         8623
  1127   0.10748226036882784E-02          479        12623
  1128   0.30417972014464782E-02          495         6255
  1129   0.56666515542347379E-02          255         5711
  1130   0.13815891077892629E-02         1391         4559
  1131   0.38673315288499980E-02          735         5231
  1132   0.16800970107225793E-02          495         1711
  1133   0.22318749841450060E-02          495         4719
  1134   0.31617207107499825E-02         1151         1711
  1135   0.27313532691163006E-02         1263         8559
  1136  -0.89320339350630108E-03         1215         9503
  1137  -0.11785698183937700E-02          495         4911
  1138   0.77001434051755259E-03          383         2959
  1139   0.85928547468380192E-03          479         2863
  1140  -0.14621889081408350E-02          495         4815
  1141   0.18090524315441539E-02          943         4527
  1142  -0.48677398451561025E-02          255         6735
  1143  -0.28417568128356946E-02         4335         8879
  1144  -0.29756134256595689E-03          863         8911
  1145   0.33287771770825064E-02         4223         8623
  1146  -0.12970303411343888E-02          703         1695
  1147   0.12569827405746472E-02         2367         4511
  1148   0.11876504347774135E-02         8511         8623
  1149  -0.47374631624296187E-03          255         9327
  1150  -0.15038054619841200E-01          639         1487
  1151  -0.30739908799579186E-02         1695         1823
  1152   0.30454557489767017E-02         8543        12383
  1153  -0.85876674045753205E-03         2767         2959
  1154  -0.38511799895455212E-02          879         4527
  1155   0.16933662369886316E-02         1343         1455
  1156   0.15161600502002111E-02          383        10303
  1157   0.35608332692665949E-02         1247         1631
  1158  -0.37289611014308510E-02          383         1743
  1159  -0.77097518295592910E-02          495        12399
  1160  -0.61302654445666641E-03          943         1711
  1161  -0.12424049330389359E-02          927         1711
  1162  -0.26222223010512915E-02         3247         3375
  1163   0.93315561606939772E-03         1391         8623
  1164  -0.11485594955521921E-02         1391         2511
  1165   0.74408271481224311E-03         8511         8607
  1166  -0.67944638792145256E-03         2479         6319
  1167  -0.11046083727790508E-01          383         4783
  1168  -0.88571894513269180E-03          879         1455
  1169  -0.22387782459312774E-02         2239         2463
  1170  -0.89902072307638202E-03          703         5007
  1171   0.66823441750658212E-03          943         8879
  1172   0.19894582241144106E-02          383         8655
  1173   0.15595792128684327E-02          383        12495
  1174   0.44090656308737346E-03         2479         2735
  1175  -0.26937464473652103E-02          639         6303
  1176  -0.31173000000489334E-02         2175         4767
  1177  -0.40340136934832168E-03          879         4463
  1178   0.19529396741773512E-02          831          943
  1179  -0.24500502675110651E-05          831         4767
  1180   0.16833812727702578E-02          703         2719
  1181   0.66628619430736304E-03         2463         2767
  1182   0.92577796838593949E-03         2463         6319
  1183   0.76135681233860646E-03         2239         6543
  1184   0.65415088050762770E-02         8415         8799
  1185  -0.42185346623882141E-02          879         9039
  1186   0.13688747475875925E-02          879         9103
  1187   0.16630644470076970E-02          383         5215
  1188  -0.32340617360060125E-02         2271         8879
  1189  -0.19742654385316565E-02         4223         8607
  1190  -0.11387563053904314E-02          255        12575
  1191  -0.65308772496296399E-02         2367        12623
  1192  -0.19972149127488151E-02         2271         2671
  1193  -0.43890953490676836E-02          831         8991
  1194   0.14962781450836992E-02          927         4527
  1195  -0.27668934470486254E-02          639         6351
  1196  -0.22809797332466845E-02         2175         4815
  1197  -0.35900534560951987E-02         8383        12447
  1198  -0.70390091831970634E-03          927         3231
  1199  -0.28089180973422923E-02         2367        10527
  1200   0.34546349452576892E-02         1247         4783
  1201   0.22264276478128949E-02          639         5327
  1202   0.16677544607083511E-02          447         1871
  1203   0.30636383853138239E-02         1151         4815
  1204  -0.12925472308352929E-02          479         8879
  1205  -0.12107236209943373E-02         3135         3247
  1206  -0.23344122237192707E-02          751          975
  1207   0.22249931412714583E-02         2239         8879
  1208   0.54854326224309915E-04         4463        12495
  1209  -0.24378767413115563E-02         4319        10447
  1210  -0.21827320593103953E-02          735         1439
  1211   0.27795790832523103E-02         2399        12575
  1212  -0.38883004896723260E-02         2399        12591
  1213  -0.22794518321572256E-02         1151         8559
  1214   0.59889973652689380E-03          447         6799
  1215   0.49201721288538139E-03          703         6543
  1216  -0.52419284861519909E-02          383        14607
  1217  -0.16341223324324661E-02         2175         4703
  1218   0.13352707469848173E-02         8607        12623
  1219  -0.22140882082844252E-02          751         5327
  1220  -0.13026288283914224E-02          479         4895
  1221  -0.23667908915386273E-02         1711         1839
  1222   0.40100872803626957E-03         8383        12687
  1223   0.14267270396249576E-02          383         1935
  1224  -0.63904739792116337E-03         1391         8655
  1225   0.29800274613206229E-03          735         2511
  1226   0.38586941195978210E-03          255         9311
