     1  -0.22212612063461130E-06          127          127
     2   0.94922107210062223E+00          127          367
     3  -0.30728969648621415E-01          191          607
     4  -0.62089364659468974E-01          191          379
     5   0.95177503670788854E+00          127          223
     6   0.90696457419652772E-06          127          575
     7  -0.18541585760151350E-02          379          379
     8   0.12756087806343477E-01          375          379
     9   0.40154867044530293E-01          223          635
    10  -0.11546860562989193E-02          239          635
    11  -0.31114994887897065E-01          127          443
    12  -0.80279566734542965E-01          127          671
    13   0.53355406224056847E-04          127          861
    14   0.53725353904528618E-03          127          743
    15  -0.19049783483665445E-01          127          727
    16  -0.26895873022780983E-01          127          239
    17  -0.14070466491397840E+00          223          351
    18  -0.28037767991041730E-03          247          253
    19  -0.12921855926457566E-01          223          631
    20  -0.19005816716547101E-01          127          871
    21   0.22005756249458977E-02          127          687
    22  -0.70570850229066413E-03          239          859
    23  -0.12752527762898723E-01          247          251
    24   0.20730214100347109E-01          239          727
    25  -0.89164275976760868E-02          575          727
    26  -0.85736564475485759E-03          319          607
    27   0.24953261124752032E-02          247          247
    28   0.29692586067182956E-03          623          755
    29   0.40050297247378741E-01          367          635
    30   0.61000221594934134E-08          727          875
    31  -0.13170268898373065E-06          127          971
    32  -0.82222823506932202E-03          191          475
    33   0.20421242449840556E-07          635          635
    34  -0.45174598494195396E-01          351          815
    35   0.13896679297792830E-03          223          367
    36  -0.26278939498557710E-03          575          855
    37  -0.68538257223744732E-03          575          747
    38  -0.31538195054813811E-01          239          731
    39  -0.41764207761841512E-04          351          743
    40  -0.17882896258403353E-01          247          375
    41  -0.22551434532096727E-02          127          799
    42  -0.83641865737298614E-03          379          883
    43  -0.15417219085141392E-01          351          443
    44  -0.11552712913210713E-01          223          743
    45   0.83746932873909592E-03          191          623
    46  -0.30638393566720299E-01          319          623
    47   0.39650350932022510E-02          247          827
    48  -0.37525881802816630E-01          247          487
    49   0.11814834071878564E-02          351          635
    50   0.48819845301868107E-03          379          491
    51  -0.10571519644430904E-02          247          699
    52  -0.19980243729921205E-01          635          875
    53   0.97096465973974810E-02          223          855
    54  -0.28566726675477623E-03          127          747
    55   0.12203932441900371E+00          223          239
    56  -0.12887697053203685E-01          367          631
    57  -0.25570191706549162E-01          191          491
    58   0.94402888321930062E-03          375          883
    59  -0.20516452309820481E-02          319          719
    60  -0.12264688011287734E-02          637          733
    61  -0.96784852297907634E-02          367          743
    62   0.97735294486263873E-02          127          875
    63   0.79056015439824164E-02          223          731
    64  -0.19532282907916638E-05          727          871
    65   0.78447533615458830E-03          575          687
    66  -0.10703150207439704E-01          607          755
    67   0.20896937354049439E+00          191          319
    68   0.29081733399554559E-03          127          859
    69   0.39169244108701025E-03          687          743
    70   0.41973828609924704E-02          727          859
    71   0.90145295530949225E-07          127          631
    72   0.12173639132282886E+00          351          367
    73   0.36856179552581178E-03          239          631
    74   0.18516980737252502E-02          127          877
    75  -0.54701394924946880E-03          127          855
    76  -0.45152417561623052E-02          607          695
    77  -0.79137553820960941E-02          463          871
    78   0.29354214542160564E-02          379          755
    79  -0.41561570991727003E-03          463          859
    80   0.93767233026836275E-01          247          379
    81   0.42569736459024381E-02          379          699
    82  -0.37922658514135115E-03          351          631
    83  -0.13813093979140572E-07          575          575
    84   0.54016062032044837E-07          575          635
    85  -0.10194912859449718E-01          431          699
    86  -0.10966753222605703E-02          247          471
    87   0.22603194531022979E-01          223          799
    88   0.34905564460985601E-02          727          855
    89  -0.60478070536976547E-07          575          637
    90  -0.21015525886011022E-01          351          727
    91   0.83147016565324823E-03          251          755
    92  -0.79499865413058495E-05          631          971
    93   0.70182331441838816E-01          191          487
    94   0.21491206091826072E-02          191          471
    95   0.92136563280332210E-02          687          875
    96  -0.76178830081652573E-02          223          727
    97  -0.85323598882649327E-03          351          859
    98  -0.58042721194177078E-03          635          859
    99   0.17756030490103561E-02          223          747
   100   0.20851585551243937E-03          223          499
   101   0.38190983510267124E-02          671          743
   102   0.33895960309495134E-07          575          631
   103  -0.76387910813493305E-03          239          743
   104  -0.14258743591802183E-01          251          379
   105  -0.78774832179628936E-02          463          727
   106   0.41935486282792854E-02          687          731
   107  -0.54800082717415101E-02          247          823
   108   0.19280741329441426E-03          191          253
   109   0.97978314085589904E-02          127          731
   110   0.31437821096643795E-01          351          875
   111   0.12512330035889859E-02          223          439
   112  -0.74045553930187167E-02          223          875
   113  -0.95780111831917404E-02          223          671
   114   0.60590840321155739E-04          239          855
   115  -0.26423227076789582E-01          319          847
   116   0.70676306268414285E-01          127          439
   117  -0.39062362548870785E-05          635          971
   118   0.74264251327235496E-02          367          731
   119  -0.29306625049916684E-02          687          727
   120  -0.34286795644337827E-02          367          971
   121  -0.25188160130331485E-02          719          755
   122   0.56710057019738807E-03          635          747
   123   0.62392329474076158E-02          239          239
   124   0.13291199075699933E-01          463          731
   125  -0.49342422074037757E-02          727          747
   126  -0.24737396802936799E-01          367          911
   127  -0.30006050254828593E-06          631          635
   128  -0.49320259908211073E-03          351          463
   129  -0.31897604744980608E-01          239          875
   130  -0.13891189204931256E-01          631          727
   131   0.34607261653908034E-02          191          995
   132  -0.32232272597181545E-02          727          743
   133  -0.61610724427908441E-05          671          815
   134  -0.21070248277374284E-02          671          731
   135   0.34909639212255500E-02          743          871
   136  -0.19184690566084444E-01          191          247
   137   0.16747174395527226E-03          415          695
   138  -0.28472656334564559E-01          191          191
   139   0.31986133740299169E-01          351          731
   140   0.20909386150921909E-03          859          859
   141   0.75856117493326293E-04          127          463
   142  -0.20045935068019483E-01          635          731
   143  -0.24999280199124153E-02          375          375
   144  -0.34137624820874735E-02          375          755
   145  -0.14044412428688560E+00          239          367
   146   0.24368368161282929E-02          379          923
   147   0.25266650497576077E-03          671          871
   148  -0.85325751014205704E-02          319          379
   149  -0.32089225732928481E-01          367          367
   150   0.52641830808737378E-02          731          859
   151   0.43082726515273661E-02          623          939
   152  -0.13641970290260820E-03          743          743
   153   0.29582647865199819E-02          687          815
   154   0.39795289430787312E-03          367          443
   155   0.51142099526412432E-03          695          695
   156   0.77426638852728369E-04          575          971
   157  -0.24580555336751499E-02          367          727
   158  -0.18782882016674782E-02          191          493
   159   0.18329227563931222E-02          671          727
   160   0.27522423726361621E-01          127          351
   161  -0.13842208126428146E-01          631          871
   162   0.40659405144777435E-03          463          747
   163   0.17537528429432549E-03          239          967
   164   0.68266134141755058E-03          351          747
   165   0.42228663406154695E-02          351          499
   166  -0.97913168568100603E-01          319          415
   167   0.20871563575692140E-02          415          491
   168  -0.18001760937630268E-02          367          859
   169  -0.20517853127798983E-02          223          815
   170   0.65465678504152275E-02          223          967
   171   0.10494100993322182E-03          623          923
   172   0.39962626215487374E-02          239          499
   173  -0.15032474918394831E-02          239          445
   174  -0.19255014738961453E-03          319          381
   175   0.59197195934066254E-02          191          827
   176   0.24395390916189773E-02          223          871
   177   0.35700643913812724E-06          439          439
   178  -0.82179667479662724E-02          671          855
   179   0.24760572792302353E-03          575          967
   180   0.18367500687084297E-04          687          971
   181   0.14918845720723606E-04          607          995
   182   0.39109045247785756E-03          631          743
   183   0.11542213770995782E-01          367          855
   184   0.14137814449267661E+00          191          375
   185   0.27456491169625669E-04          239          687
   186   0.83059903399859529E-03          239          747
   187  -0.21869036558828116E-02          431          475
   188   0.15706968440421770E-02          247          695
   189  -0.34434928884547037E-02          223          971
   190  -0.27784678067511202E-01          575          671
   191   0.46956122247631314E-01          127          499
   192  -0.18795710156000421E-01          191          719
   193   0.18543548255608349E-02          127          733
   194  -0.10536046004683650E-02          319          823
   195  -0.54569870738357690E-02          671          687
   196   0.69805047287462086E-05          687          911
   197   0.21431557118618930E-03          623          919
   198   0.22106323823600958E-03          463          855
   199  -0.27796876483430793E-04          607          939
   200  -0.51169475122071100E-03          319          919
   201  -0.32227551883893132E-02          855          871
   202   0.39719151632784500E-01          239          439
   203  -0.29444886126981248E-02          251          883
   204  -0.52291392998159462E-03          191          935
   205   0.64830967311786426E-02          367          967
   206   0.10551002710088922E-02          375          827
   207  -0.97669423563744182E-01          191          431
   208   0.15171100812725200E-01          367          463
   209   0.10495714030569084E-02          847          939
   210   0.21019586597359878E-02          815          875
   211  -0.22530595065333871E-01          367          687
   212   0.52565857664872810E-02          747          875
   213  -0.45301088151997029E-01          223          687
   214   0.20974654779487380E-01          239          871
   215   0.54808896465471241E-02          375          695
   216   0.22974376744336781E-01          575          875
   217  -0.49351103695797434E-04          743          747
   218   0.19187139724510124E-01          319          375
   219  -0.20686399928353031E-01          351          871
   220   0.24384004573908203E-03          687          855
   221  -0.15444295849309625E-02          247          493
   222   0.70364516531707000E-01          319          471
   223  -0.88985129580473506E-02          575          871
   224   0.25777000321868519E-03          575          743
   225  -0.39346808220040377E-03          687          747
   226  -0.78833227639937293E-02          367          875
   227   0.70052630169069384E-03          575          859
   228   0.95002432785798747E-02          247          491
   229  -0.17403629672793435E-02          319          923
   230  -0.48061308660372658E-02          731          747
   231   0.17714654013018930E-02          351          947
   232   0.39980050615477745E-02          319          695
   233   0.16339751917799797E-02          319          827
   234   0.23034027260301876E-01          575          731
   235  -0.49314831215188502E-05          731          875
   236   0.13159914817104909E-03          623          695
   237   0.10535695194888012E-02          191          695
   238   0.53659284202105923E-03          631          747
   239  -0.38936074798641370E-02          671          747
   240  -0.20689738549671617E-02          575          877
   241   0.38332725431999880E-03          375          923
   242   0.27920706582827486E-03          375          381
   243  -0.10352398601018949E-03          239          971
   244  -0.41810092054001737E-02          799          875
   245   0.71712454300677746E-04          671          875
   246  -0.57927724237366201E-04          623          979
   247   0.33562190469464378E-02          247          883
   248   0.85321558208628599E-02          191          251
   249  -0.18987865227207564E-03          351          967
   250  -0.20254745724118907E-02          127          911
   251  -0.31701662300460959E-03          375          491
   252  -0.10669599146628066E-01          623          883
   253   0.19131458179472014E-04          127          947
   254  -0.29929555069151837E-05          375          939
   255  -0.59503464736026385E-02          319          699
   256  -0.39955467925822654E-02          191          823
   257  -0.20787849425470050E-02          575          733
   258  -0.22984733454782123E-03          463          743
   259  -0.38079352800518408E-02          815          855
   260  -0.24091322489007217E-06          463          967
   261  -0.12195404991405697E-01          415          719
   262   0.95512573877903420E-02          367          815
   263  -0.62935608151034666E-07          439          443
   264   0.45915354626905013E-02          415          883
   265   0.19233838595966461E-02          607          979
   266   0.10889835700484357E-02          375          487
   267   0.57916040904788099E-02          431          923
   268  -0.13062536405505290E-01          351          671
   269  -0.57624497546030010E-02          415          939
   270   0.81766424485709294E-04          247          919
   271   0.30578842680659564E-02          823          923
   272  -0.22137625405558487E-01          415          431
   273   0.23210683207144046E-02          431          431
   274  -0.11135375393511984E-02          607          701
   275  -0.12790421215725092E-02          823          827
   276   0.46419052947923807E-04          855          859
   277  -0.10493704022435754E-01          623          719
   278  -0.50578476318168721E-04          127          749
   279  -0.19977579904663697E-02          351          687
   280  -0.13361359849035715E-01          379          475
   281   0.32160687593350550E-01          223          223
   282   0.49463006459608948E-02          415          823
   283  -0.31567359652079276E-05          575          911
   284  -0.24112920130758267E-02          251          381
   285  -0.17025703362948865E-03          431          823
   286  -0.16343696025244900E-02          191          699
   287  -0.27710227274514974E-01          575          815
   288  -0.19216426784743782E-01          631          731
   289  -0.35967420397227769E-03          623          699
   290   0.46239803217669527E-03          239          463
   291   0.27410714967185945E-02          319          431
   292  -0.81665229891763182E-03          727          727
   293   0.26678668193611066E-04          191          847
   294   0.78700064620068830E-05          747          971
   295   0.12197808982966900E-02          431          939
   296   0.16658680866965627E-02          799          947
   297  -0.83363796658340053E-04          375          935
   298  -0.10464396680215747E-01          607          847
   299  -0.15701977987497887E-02          375          823
   300   0.13773543176807705E-02          431          487
   301   0.72799987977816558E-03          351          911
   302  -0.18439332820756222E-06          351          799
   303  -0.46809380129078509E-02          575          947
   304  -0.15077452794126521E-02          431          935
   305  -0.93592170967616885E-02          695          827
   306  -0.28008112648736051E-02          191          415
   307  -0.19162193947980664E-01          631          875
   308   0.94668855179733339E-02          375          475
   309  -0.20723949677657716E-03          747          747
   310   0.36774603091467236E-03          607          827
   311  -0.15178799027980723E-03          367          499
   312   0.30507028664798807E-03          607          719
   313   0.36132888021737641E-02          431          979
   314   0.71824938148282438E-02          415          935
   315   0.30659701355415371E-03          247          475
   316  -0.49554026504070430E-04          439          875
   317   0.78539279508565410E-04          623          623
   318  -0.85338308557608150E-04          319          995
   319  -0.34012945580402755E-03          431          719
   320   0.20812328200622743E-02          443          859
   321  -0.97894543528012331E-03          671          671
   322   0.12307070271905124E-02          875          875
   323   0.17940629517661348E-02          191          883
   324   0.10675169827376750E-03          351          971
   325   0.16782454857826138E-06          463          911
   326  -0.37602822049219636E-01          375          471
   327  -0.55142709751004708E-04          431          883
   328   0.22679289741634142E-02          623          995
   329  -0.42528616253774826E-02          251          827
   330  -0.80283546974688940E-03          575          799
   331   0.15301706699613643E-01          223          463
   332   0.52957792756125862E-04          367          947
   333   0.33570906639375878E-04          607          935
   334   0.10982691689222421E-02          871          875
   335   0.45824717073518866E-02          431          755
   336   0.42088103970521441E-02          743          875
   337   0.28473877204592581E-01          319          319
   338  -0.51136512651732500E-03          823          823
   339  -0.20167718728979133E-02          471          883
   340   0.11696129122044032E-01          607          699
   341   0.17711576377202306E-02          239          947
   342  -0.25672025129537937E-01          319          475
   343   0.73952303731767235E-03          699          699
   344   0.70006207234052376E-03          815          971
   345  -0.12377364434714611E-02          367          439
   346  -0.11881588303586476E-06          439          499
   347  -0.13277901258444380E-01          251          491
   348  -0.47971933298187009E-02          859          875
   349   0.39775122254090821E-01          351          439
   350  -0.81999133755723593E-02          687          871
   351   0.47321103982294451E-04          671          911
   352   0.39908927426288740E-03          799          859
   353  -0.41035417543320115E-03          827          883
   354  -0.36825350980913335E-02          695          823
   355   0.12793025992314667E-02          695          699
   356  -0.11333216939682329E-01          471          487
   357  -0.22379259791270451E-06          463          463
   358   0.47645662862999668E-03          319          883
   359  -0.36523531559095003E-02          607          919
   360   0.18544159408666247E-02          251          251
   361   0.92353432315593169E-02          671          859
   362  -0.21084284054996042E-02          319          487
   363   0.34362499920832525E-02          319          979
   364   0.51594608275950275E-02          375          919
   365  -0.93557131447166719E-03          247          755
   366   0.15077163550387955E-02          415          919
   367  -0.15280657040502223E-01          239          443
   368  -0.80053727623799642E-01          127          815
   369  -0.39601013351060520E-02          375          699
   370   0.28935060111183366E-03          431          827
   371  -0.18867939206142984E-02          319          477
   372   0.78230675874185925E-03          351          855
   373   0.11664052518102611E-01          623          827
   374  -0.12963531916738401E-02          471          471
   375   0.39124928054861568E-03          247          939
   376  -0.17254446955476870E-02          191          939
   377   0.17299642134606115E-03          687          687
   378   0.30446474543558335E-02          695          939
   379  -0.30959387850685182E-04          719          883
   380   0.31605523282832379E-02          699          939
   381   0.18222388863207249E-03          815          967
   382  -0.24814977350090493E-01          223          911
   383  -0.42861702426722512E-03          223          443
   384  -0.23077039059468041E-04          191          919
   385   0.38834268428024387E-02          815          859
   386   0.22081543696193906E-02          439          747
   387   0.16655800355895992E-02          687          947
   388  -0.10206036503341568E-01          415          827
   389  -0.12148814300280081E-01          431          847
   390   0.40352445332370604E-03          699          755
   391  -0.11012005389838360E-02          727          731
   392  -0.47463146889166144E-03          191          755
   393  -0.28874505009854437E-03          415          699
   394   0.46683917382173605E-02          719          847
   395  -0.63487734714636347E-03          719          719
   396  -0.16987901876418227E-03          799          799
   397  -0.40089060307417745E-03          631          855
   398  -0.21045847779437773E-04          687          967
   399  -0.15533141001167427E-02          375          477
   400  -0.38501276200511277E-04          439          871
   401   0.13031187397961651E-01          239          815
   402   0.27913940870362200E-04          719          939
   403  -0.69518029411765687E-03          699          995
   404   0.75989690446270084E-02          367          871
   405  -0.54415702912388982E-02          799          815
   406   0.14853154285497817E-06          463          971
   407  -0.73999911910774111E-03          827          827
   408   0.27100044076862032E-02          439          967
   409   0.60291653779195962E-02          471          939
   410   0.30236406687675055E-02          439          971
   411  -0.45556457484471694E-02          623          935
   412   0.82402767029167477E-04          687          859
   413   0.54225244692448346E-02          471          935
   414   0.25059080661009656E-04          319          935
   415   0.20673051461592173E-04          799          967
   416   0.81445406835297350E-03          871          871
   417   0.79687447815134842E-03          319          491
   418   0.30906127182394206E-02          695          935
   419   0.49586299418971393E-02          431          695
   420  -0.49441999377920218E-02          855          875
   421  -0.62024180963417041E-02          415          487
   422   0.51818980398424513E-02          247          935
   423  -0.54869683169498839E-02          699          827
   424   0.31091194382509612E-02          439          743
   425  -0.28907776449685210E-04          719          935
   426  -0.71747303823724807E-02          431          919
   427   0.61661108307848687E-02          431          471
   428  -0.21069569943651910E-02          487          755
   429   0.29700471966184814E-02          671          799
   430  -0.40698416439724183E-05          631          967
   431  -0.31205621165063355E-03          623          847
   432  -0.13396806233368838E-03          607          823
   433  -0.10325490951880482E-02          239          501
   434   0.31542173732291238E-02          827          923
   435  -0.15415658096601080E-06          631          631
   436  -0.70900761224792412E-03          239          911
   437  -0.23213484549930866E-02          415          415
   438  -0.40299765286553387E-03          431          491
   439  -0.41233083137591827E-02          475          491
   440   0.30915524900240808E-02          823          919
   441  -0.24108957230658400E-02          847          883
   442   0.13989199871664271E-07          637          637
   443   0.35043711955758686E-03          415          847
   444   0.22007071267023883E-02          439          859
   445  -0.18722889436704383E-04          799          971
   446   0.31010776799476640E-02          439          855
   447  -0.78708469052490664E-03          827          979
   448   0.49197926842746076E-02          607          923
   449  -0.28258678781155008E-04          847          923
   450  -0.45063512662021537E-02          623          823
   451  -0.11065853314684178E-02          623          829
   452   0.56919151170676917E-04          815          911
   453  -0.28667198947776528E-02          699          883
   454   0.18358189519917986E-03          671          967
   455   0.28974743222094051E-02          463          947
   456   0.23031511707765837E-02          415          995
   457  -0.13778518702249674E-02          415          471
   458  -0.15072884003348628E-02          351          445
   459   0.97589582858087812E-03          815          815
   460   0.70304316503188853E-03          671          971
   461   0.10517847969325226E-02          719          923
   462  -0.50404536661222566E-03          251          475
   463   0.24421648723984032E-02          251          939
   464   0.20869552729375542E-02          443          747
   465  -0.27362537600453764E-08          443          443
   466   0.19467904968344398E-02          471          491
   467   0.17228833346921554E-02          919          935
   468  -0.10376190300245051E-02          351          501
   469  -0.18285725592513005E-02          815          871
   470   0.63488061661250790E-03          847          847
   471   0.29250569529210208E-02          799          871
   472   0.12946177574497055E-02          487          487
   473   0.13251745551457124E-01          463          875
   474  -0.17825470954152814E-02          319          755
   475   0.55249989022367793E-04          415          755
   476  -0.12048799401533860E-02          127          505
   477  -0.51879756376117225E-04          223          947
   478   0.14651521117304431E-06          247          923
   479   0.48522187419538982E-04          439          731
   480   0.82763573381116031E-04          191          979
   481  -0.12229830435355681E-02          637          877
   482   0.38311283259781549E-04          439          727
   483  -0.12337836439184780E-02          731          731
   484  -0.12199007039537593E-02          415          923
   485  -0.47580269794519630E-05          799          911
   486  -0.78569824684134132E-04          607          607
   487   0.13617277249436665E-03          855          855
   488  -0.54921018369969918E-03          631          859
   489  -0.30528511618340456E-03          607          883
   490  -0.14373594191146837E-02          635          947
   491  -0.63067191099647228E-02          351          351
   492  -0.75004831153829219E-05          859          971
   493   0.40307366908626582E-03          415          475
   494  -0.39617503307115575E-03          799          855
   495   0.30296814404917066E-04          847          919
   496   0.56315796141598833E-04          487          883
   497  -0.56007379793836613E-04          471          755
   498   0.10526965625986249E-02          883          979
   499   0.39263747847866509E-07          911          911
   500   0.76791236136310138E-03          487          979
   501   0.32759777253260495E-04          695          923
   502  -0.30128131223218666E-04          823          939
   503   0.88566491579969702E-03          367          861
   504  -0.68225796064278854E-03          471          995
   505   0.71805404989263135E-03          251          493
