           1  -77.1606320887909       -77.1606320887905              389
  0.6737219    
           2  -77.1604706829642       -77.1604706829641              390
  0.7319599    
           3  -76.6576358555175       -77.1604724392391              462
  0.8308431    
           4  -76.6631821991730       -77.1604944472690              543
  0.9291481    
           5  -76.6691607259339       -77.1605294462092              623
   1.071877    
           6  -76.6763487319000       -77.1605271955872              712
   1.235682    
           7  -76.6791483577549       -77.1605679051781              777
   1.449114    
           8  -76.6892996765465       -77.1605832859598              860
   1.679738    
           9  -76.6949965549257       -77.1606313512537              933
   1.943369    
          10  -76.6966308409151       -77.1606153986799              893
   2.223501    
          11  -76.7001242169353       -77.1605285053786              953
   2.557924    
          12  -76.7026223585442       -77.1605611002306             1010
   2.828041    
          13  -76.7030911846401       -77.1605796327369             1040
   3.101868    
          14  -76.7034278717259       -77.1605994228816             1078
   3.392993    
          15  -76.7039570038339       -77.1605690761336             1110
   3.701740    
          16  -76.7041722513149       -77.1606169215702             1143
   4.032190    
          17  -76.7044994871880       -77.1606362747838             1161
   4.360005    
          18  -76.7048625437305       -77.1606232190157             1177
   4.707971    
          19  -76.7056344315120       -77.1606563266209             1195
   5.069453    
          20  -76.7058417338152       -77.1606494966476             1142
   5.430931    
          21  -76.7058217564516       -77.1605874786252             1149
   5.916643    
          22  -76.7061090996744       -77.1606068438949             1171
   6.275310    
          23  -76.7060877075690       -77.1606129956320             1182
   6.612423    
          24  -76.7061227738520       -77.1606373057376             1193
   6.956290    
          25  -76.7061307381533       -77.1606789282682             1197
   7.302255    
          26  -76.7062043402004       -77.1606649132673             1204
   7.669170    
          27  -76.7062306811391       -77.1606756239973             1213
   8.016708    
          28  -76.7062910094575       -77.1606518164243             1219
   8.360443    
          29  -76.7063520142615       -77.1606478124070             1223
   8.720886    
          30  -76.7063178709114       -77.1606809515524             1200
   9.091335    
          31  -76.7063423733476       -77.1606156051250             1209
   9.624513    
          32  -76.7063437711957       -77.1605952641372             1214
   9.982129    
          33  -76.7063564204119       -77.1606189765539             1221
   10.33313    
          34  -76.7063547780849       -77.1606565564702             1224
   10.69563    
          35  -76.7063198785853       -77.1606655816844             1230
   11.05027    
          36  -76.7063427920130       -77.1606757747826             1231
   11.38978    
          37  -76.7063796913105       -77.1606630964038             1233
   11.73584    
          38  -76.7064629784153       -77.1606946629075             1239
   12.10813    
          39  -76.7064469065410       -77.1606668897608             1244
   12.47514    
          40  -76.7064456983243       -77.1606696799539             1215
   12.85303    
          41  -76.7063913340828       -77.1606033418088             1220
   13.35708    
          42  -76.7064230430210       -77.1606241318718             1225
   13.70358    
          43  -76.7064144374052       -77.1606975659159             1230
   14.06861    
          44  -76.7064308949541       -77.1606735853243             1233
   14.43250    
          45  -76.7064848254927       -77.1606372439710             1236
   14.78358    
          46  -76.7064830347578       -77.1606645343298             1240
   15.16245    
          47  -76.7064742944051       -77.1607029273767             1243
   15.54419    
          48  -76.7065016898397       -77.1606626815277             1244
   15.92597    
          49  -76.7065139186731       -77.1606294319931             1248
   16.27590    
          50  -76.7065349409184       -77.1606482318988             1218
   16.64599    
          51  -76.7064302576809       -77.1606128424557             1222
   17.16275    
          52  -76.7064856651265       -77.1605955799125             1229
   17.51110    
          53  -76.7064756080287       -77.1605742049489             1231
   17.88409    
          54  -76.7064865121618       -77.1605930806382             1234
   18.24509    
          55  -76.7064796664649       -77.1606086387778             1238
   18.60670    
          56  -76.7065245910477       -77.1606433845737             1242
   18.97849    
          57  -76.7065143919184       -77.1606134535065             1246
   19.35877    
          58  -76.7065204638778       -77.1606168765277             1248
   19.73648    
          59  -76.7065008786112       -77.1606073106793             1252
   20.11671    
          60  -76.7065348577951       -77.1606530412859             1222
   20.48782    
          61  -76.7064813818307       -77.1606301947321             1227
   20.93013    
          62  -76.7064917849012       -77.1606705515961             1231
   21.27939    
          63  -76.7064571285227       -77.1606267188042             1232
   21.63456    
          64  -76.7065106541259       -77.1606444206216             1239
   22.00571    
          65  -76.7065325396866       -77.1606240759216             1243
   22.37256    
          66  -76.7065203974711       -77.1606578351802             1246
   22.75802    
          67  -76.7065192590298       -77.1606549587291             1248
   23.11972    
          68  -76.7065033904325       -77.1606516510065             1250
   23.49478    
          69  -76.7065338533326       -77.1606204695563             1253
   23.88155    
          70  -76.7065075146933       -77.1606470306903             1222
   24.25620    
          71  -76.7064650406668       -77.1605941871529             1226
   24.65922    
          72  -76.7062864686610       -77.1604597041849             1226
   24.72894    
          73  -76.7064829025808       -77.1606009672719             1204
   25.09127    
