0.9664032844398122 1 1
-0.2257156034672493 1 2
-0.17479492556705536 1 3
-0.13882788918337063 1 4
-0.003775373785879489 1 5
0.014138852669346407 1 6
-0.0036025640766795784 1 7
0.006955305644890722 1 8
0.011191101043765663 1 9
0.02110261415555488 1 10
-0.20332781235463945 1 11
-0.01291029592261488 1 12
0.06176417276994254 1 13
0.09484549947966733 1 14
0.03204284225915352 2 1
-0.015080826282523038 2 2
0.4736725099985272 2 3
0.43392723127319605 2 4
0.016852174877048372 2 5
-0.022500581151825443 2 6
0.02287757882145179 2 7
-0.03208748352606148 2 8
-0.05979337433947957 2 9
-0.12128579305889023 2 10
1.231401794842968 2 11
0.11900979337798281 2 12
-0.44202009546605536 2 13
-0.7037629368575874 2 14
-0.0006553328129660114 3 1
0.004831895004176872 3 2
-0.11778565604908134 3 3
0.18777814804899062 3 4
0.11051536397823412 3 5
0.4856703244459127 3 6
0.05102035310147477 3 7
-0.018406392412887298 3 8
-0.028453950369937014 3 9
-0.1823643189639584 3 10
0.4223714481566288 3 11
0.24014746152251443 3 12
0.45810985817911437 3 13
1.0391919764266007 3 14
-0.00018550235510191737 4 1
1.9843916292752967e-06 4 2
-0.0032823614585113067 4 3
0.009707448314556534 4 4
0.3692288290796471 4 5
-0.05355641711415171 4 6
-0.4004675597224787 4 7
0.07130562316653145 4 8
0.07519250524359744 4 9
0.6211569692529952 4 10
-0.0006072201369533049 4 11
0.4104077645848553 4 12
-0.7383752848255961 4 13
0.43481102539723276 4 14
0.00038495542616195395 5 1
-0.00014119792893637836 5 2
0.005102379045855443 5 3
0.00829490555941714 5 4
-0.010237038937588738 5 5
0.011001533764670826 5 6
0.0754184493367178 5 7
0.6303844013915552 5 8
0.7982954001376542 5 9
-0.10963846566985429 5 10
0.07234113084484789 5 11
-0.03605427153373918 5 12
0.02034204615932799 5 13
-0.02007516358231587 5 14
0.22632348575908587 6 1
0.9662107019164525 6 2
-0.17864630217891325 6 3
0.13381401913699498 6 4
0.0028958822802169467 6 5
0.012944506253260721 6 6
0.0126558238029346 6 7
-0.0035524631008033813 6 8
0.00028793331981745337 6 9
0.09036935746965018 6 10
0.07748616055064488 6 11
-0.16468282717703156 6 12
-0.07358750098606066 6 13
-0.09378652960662168 6 14
0.0008084599750648701 7 1
0.035867236522618376 7 2
0.48210287905291765 7 3
-0.41515828609147015 7 4
-0.006848855774647216 7 5
-0.01868643907934711 7 6
-0.0562556116361279 7 7
0.015065970783860379 7 8
-0.0031819082505065307 7 9
-0.5312947616374205 7 10
-0.44233757357106807 7 11
1.0440735007989352 7 12
0.5279220533572098 7 13
0.6939863091981879 7 14
-0.004042113032688972 8 1
0.0025702205073761444 8 2
0.11275676607218235 8 3
0.2038010001619158 8 4
-0.09719649282775082 8 5
-0.4824446984592595 8 6
-0.056110989642741235 8 7
0.020027562628850793 8 8
0.0008839205408118001 8 9
0.1724010367515961 8 10
-0.09959630138082909 8 11
-0.5342477000983867 8 12
0.41819557474874286 8 13
1.0297471925428483 8 14
-6.495656819989217e-05 9 1
0.0004352069282578496 9 2
0.007072677745660213 9 3
-0.026737553194582247 9 4
0.39170753101365907 9 5
-0.1317135868620377 9 6
0.3589608221771363 9 7
-0.06723551817024798 9 8
0.07389723974493467 9 9
0.579915503269007 9 10
0.11173873893986787 9 11
0.2299855946784048 9 12
0.8880208256540343 9 13
-0.38756858879623085 9 14
1.7935032739778343e-05 10 1
-5.478310182095511e-05 10 2
-0.0002498755693205322 10 3
-0.0005906342746354724 10 4
0.01675745381321522 10 5
0.0014227048381143502 10 6
0.07467208155934416 10 7
0.6345783678355714 10 8
-0.7978946225840239 10 9
0.0992570674776404 10 10
-0.014319012478457792 10 11
0.03666375184037934 10 12
0.03790845811244564 10 13
-0.031001209875441173 10 14
-0.006191134595463796 11 1
0.0015653562450879059 11 2
0.11165420020856047 11 3
0.24454597068289066 11 4
0.28897890766754003 11 5
0.21657695456002912 11 6
-0.3049335949885815 11 7
0.04033764489085355 11 8
-0.004221090556291398 11 9
-0.3442654652088906 11 10
-0.8949300667570759 11 11
-0.47334659272321 11 12
0.42176944453491144 11 13
-0.4275663430134311 11 14
-0.0014782896288014502 12 1
-0.006678093777565815 12 2
0.12260276756227706 12 3
-0.2516466731497241 12 4
0.2976150723799595 12 5
0.1390058325565978 12 6
0.3310156704743361 12 7
-0.04342991406357713 12 8
-0.03634429452041518 12 9
-0.12921973604123488 12 10
0.11863835963485593 12 11
-1.0179777620450503 12 12
-0.6226030331007552 12 13
0.39674215843566973 12 14
-0.006029615851641475 13 1
0.0014081835666122499 13 2
0.10734391839760474 13 3
0.19982777397523024 13 4
-0.21788712992354098 13 5
0.22117034043871067 13 6
0.4084890298756737 13 7
-0.044410330023140286 13 8
0.07624625274371738 13 9
0.6930486238011049 13 10
-0.7589541603293865 13 11
0.23125236120036705 13 12
-0.4558082255502748 13 13
0.18690056459391144 13 14
-0.001328281125021387 14 1
-0.006034179518179905 14 2
0.10936683978561536 14 3
-0.1969251696693781 14 4
-0.23813635135448183 14 5
0.29653710736140815 14 6
-0.33479795131350365 14 7
0.039288083869933245 14 8
0.04444918926428341 14 9
0.8607352901682096 14 10
0.30549495838392915 14 11
-0.5037541198124853 14 12
0.5245655230553458 14 13
-0.14087046477700538 14 14
