 NAC between           1 and           2
           1   3.5385563074959811E-002   2.4333477571420552E-002  -5.1575810765388516E-002
           2   4.5950746916133836E-002   2.6028608522911086E-004   3.8104482757010054E-002
           3  -1.2627757242766852E-002   4.3328545077156539E-003  0.14705367913250650     
           4  -9.3304625478367771E-003  -7.6324608893366935E-003  0.17189013890049648     
           5  -4.3546555151559811E-003  -1.5721361634117866E-002 -0.17805063414897571     
           6  -7.2891522113023447E-003   7.5723115494555878E-003 -0.14673876206407738     
 NAC between           2 and           3
           1  -1.1636285131087174       0.30847715740963805      -0.10789413356256063     
           2   1.1359961785155679       0.22034615529774035       0.27242068329656677     
           3  0.16780643964543063       -3.2656581220860846E-003  0.39921969652656625     
           4 -0.17780462336834080        3.2687163554720899E-002 -0.51211243234084258     
           5  0.24453514778684210      -0.33491249494602560      -0.40558238414095121     
           6 -0.20659095043945941      -0.22611778578931693       0.35254685799855034     
