-21.524389440100407 1 1
-5.212649295736976 2 1
-8.440516666583838 2 2
0.05737789282807494 3 1
0.6553935741597027 3 2
-7.715420227485306 3 3
0.0018456402628285456 4 1
0.023140499143599325 4 2
-0.025135376086028324 4 3
-7.317443912820958 4 4
-0.002230147148862842 5 1
-0.024034796534802647 5 2
0.0010462744708049177 5 3
0.01133666891155485 5 4
-7.14076361065282 5 5
-8.372422769754544e-05 6 1
-0.884654876821336 6 2
1.4650202919160626 6 3
0.01929278230612861 6 4
-0.015659278222715605 6 5
-21.540296318691475 6 6
-0.8840585212362331 7 1
-3.4278625926699355 7 2
3.604063624432211 7 3
0.05465371419335938 7 4
-0.04149237677029849 7 5
-5.216599965122236 7 6
-8.453389607597863 7 7
-1.464034560619896 8 1
-3.6017097008994896 8 2
2.957268943217083 8 3
0.070319614870785 8 4
-0.0538260585763275 8 5
-0.0566393452668046 8 6
-0.6494331050672665 8 7
-7.724538609676602 8 8
-0.01920758140693531 9 1
-0.041603847224420114 9 2
0.056861689374981636 9 3
-1.7170029229214883 9 4
-0.0005623446353842236 9 5
-0.001280549095065939 9 6
-0.007934962904147282 9 7
0.010210132272871444 9 8
-7.337560515016272 9 9
0.015581558680194337 10 1
0.03639299413177513 10 2
-0.04848200003869799 10 3
-0.0006357410023142232 10 4
-1.6890398586840327 10 5
0.0003837093765196845 10 6
0.004643846331511491 10 7
0.005317734416361152 10 8
-0.011920105889937494 10 9
-7.150385689653093 10 10
-1.2434781477048409 11 1
-3.437891018254702 11 2
-1.63345112782752 11 3
-2.3148113008530773 11 4
0.019234542270695744 11 5
-0.09628663399555304 11 6
-0.701286018467574 11 7
-0.8401576413720198 11 8
-0.30656320966968886 11 9
0.009249989715255041 11 10
-5.3245608805903375 11 11
-0.11933136433430468 12 1
-0.8169782250942115 12 2
0.9593095747094157 12 3
-0.3514175272554459 12 4
-0.03423258806406925 12 5
-1.3558089202728896 12 6
-3.6420937211175923 12 7
1.5187670140934248 12 8
-2.535579198707252 12 9
-0.18275361844610089 12 10
-0.26130024351055003 12 11
-5.476400534460354 12 12
-1.1116768746019199 13 1
-3.261267244223913 13 2
-0.9760010106819805 13 3
2.58244036390106 13 4
-0.31351725774311023 13 5
-0.1315723450123761 13 6
-0.8581254225067831 13 7
-0.9515127145876299 13 8
0.45019898136406916 13 9
-0.04659516379254994 13 10
-0.874799296579136 13 11
-0.12369168453337617 13 12
-5.328796278006914 13 13
-0.11550773166408465 14 1
-0.7872411193592537 14 2
0.890776312662136 14 3
0.4115920059090198 14 4
0.019398053485341155 14 5
-1.1320225474872514 14 6
-3.2822383164333866 14 7
1.142838554488557 14 8
2.5230045173262186 14 9
0.17566898268979264 14 10
-0.0982561724460117 14 11
-0.9268528232806815 14 12
-0.40965533395894205 14 13
-5.307607330191355 14 14
