-0.39925894316157207 1 1 1
-0.19735234117700506 1 1 2
9.673371301627043 1 1 3
0.003809108781173263 1 1 4
-6.351089601187867e-05 1 1 5
-0.0007025257934585199 1 1 6
-0.84150442007001 1 1 7
-1.3942136779435752 1 1 8
-0.02365279527167401 1 1 9
0.01928954478007936 1 1 10
0.6336693012619488 1 1 11
-0.11098356485740633 1 1 12
0.3616114497777336 1 1 13
-0.10382596172650516 1 1 14
-0.0009694750658190655 1 2 1
-0.3869354459671232 1 2 2
3.586145000084649 1 2 3
0.015478405008628997 1 2 4
-0.0007492223510535839 1 2 5
-1.1062163663853641 1 2 6
-2.368030072359864 1 2 7
-1.6095381072362895 1 2 8
-0.03273768308120856 1 2 9
0.028151152921469594 1 2 10
0.9863717171201176 1 2 11
-0.6954773327140307 1 2 12
0.5964015769345594 1 2 13
-0.6454298748428728 1 2 14
-16.470351449972824 1 3 1
-6.55103673733756 1 3 2
-0.5807638908995617 1 3 3
0.027877210746126455 1 3 4
-0.01249637496380236 1 3 5
1.8407101155091001 1 3 6
1.3495308721828119 1 3 7
-0.6766140169998505 1 3 8
0.03425760796309621 1 3 9
-0.02716133214844107 1 3 10
-1.4855695112755474 1 3 11
0.6291992713196441 1 3 12
-1.7646994509603848 1 3 13
0.5398519930184654 1 3 14
0.0010551512372544054 1 4 1
0.025048112242405173 1 4 2
0.000977589979308721 1 4 3
-0.2525927145266406 1 4 4
-0.004900764539141999 1 4 5
0.0317814400280537 1 4 6
0.04983614859690351 1 4 7
0.05559681301262964 1 4 8
-1.6194089449642444 1 4 9
-0.001916549704536055 1 4 10
1.0777541855610833 1 4 11
-0.34502633997725657 1 4 12
-0.7674668082907412 1 4 13
0.38913270283015067 1 4 14
-1.7592965162725844e-05 1 5 1
-0.0010370482053227378 1 5 2
0.017366157132421758 1 5 3
-0.004900764539141999 1 5 4
-0.3256201315883753 1 5 5
-0.02579576278477057 1 5 6
-0.037535649218013445 1 5 7
-0.040934253634899324 1 5 8
-0.001841316962257704 1 5 9
-1.599211241917394 1 5 10
-0.01007322616056365 1 5 11
-0.034329820914987506 1 5 12
0.09326457086204794 1 5 13
0.018393130904658595 1 5 14
0.0007025158413992434 1 6 1
0.841787751153388 1 6 2
-1.3946739413775542 1 6 3
-0.023986900286215255 1 6 4
0.01937635235490179 1 6 5
0.394119819460321 1 6 6
0.19481209786259393 1 6 7
9.685200569402447 1 6 8
-0.002129801072609527 1 6 9
-0.0007511414930589936 1 6 10
0.09284073719728492 1 6 11
-0.6226116347928105 1 6 12
0.11499403871389557 1 6 13
-0.4240361513734587 1 6 14
1.1054592019524003 1 7 1
2.366099672825202 1 7 2
-1.6095482166100954 1 7 3
-0.04249031485135424 1 7 4
0.03220083736171278 1 7 5
0.0009569969756030073 1 7 6
0.3838308892310735 1 7 7
3.5894791111959616 1 7 8
-0.0057662523404725 1 7 9
-0.0033266143632390255 1 7 10
0.6124617118829239 1 7 11
-0.9071123250064539 1 7 12
0.6864471973981917 1 7 13
-0.6972935496851964 1 7 14
1.8394664299035803 1 8 1
1.3453067501480596 1 8 2
0.6787593834125774 1 8 3
-0.03906096318474622 1 8 4
0.030761575784748245 1 8 5
-16.48295477571827 1 8 6
-6.563680647514816 1 8 7
0.5828843761066833 1 8 8
0.00498605842809594 1 8 9
0.0003411774893826654 1 8 10
0.576157385355452 1 8 11
-1.7936728618730116 1 8 12
0.5483859324172768 1 8 13
-1.691727194461018 1 8 14
0.03163924705833626 1 9 1
0.03780432693805661 1 9 2
-0.04320313035893866 1 9 3
1.6180276394514994 1 9 4
-0.0005427132793945683 1 9 5
-0.0005899726804429581 1 9 6
-0.01006235411019029 1 9 7
0.01809641730447001 1 9 8
0.24348922763481698 1 9 9
-0.0065073521517333595 1 9 10
0.30648275765834837 1 9 11
-1.0410535604839053 1 9 12
-0.41743352443992177 1 9 13
0.8673076044037832 1 9 14
-0.025668469701975217 1 10 1
-0.03406805106373907 1 10 2
0.03911215227094096 1 10 3
-0.00044839051512071226 1 10 4
1.5985040914153845 1 10 5
-0.00020807176295888855 1 10 6
-0.005313346988113916 1 10 7
-0.00515093199958386 1 10 8
-0.0065073521517333595 1 10 9
0.3232342282406482 1 10 10
-0.009921661339791601 1 10 11
-0.0763356022024181 1 10 12
0.04325641244995634 1 10 13
0.059660825553057184 1 10 14
-0.9375646906512773 1 11 1
-1.601934837259629 1 11 2
0.384131921863306 1 11 3
-1.3667312032451093 1 11 4
0.012004869695391274 1 11 5
-0.1213516507159289 1 11 6
-0.6348311142044667 1 11 7
-0.6467332210568087 1 11 8
-0.3125245074512452 1 11 9
0.009148428925669359 1 11 10
-0.5600003719762545 1 11 11
-0.2663652891333969 1 11 12
-0.18371720961311244 1 11 13
-0.0917963442366865 1 11 14
0.1449706971857057 1 12 1
0.7174369768406949 1 12 2
-0.7080767856731995 1 12 3
0.3520400423615105 1 12 4
0.03378865355245391 1 12 5
0.9291451692323313 1 12 6
1.5314972188901188 1 12 7
0.645709930117373 1 12 8
1.353722625572601 1 12 9
0.09720440036454976 1 12 10
0.2650977235857213 1 12 11
0.5534525771070766 1 12 12
0.11028116724546906 1 12 13
0.13706437880266262 1 12 14
-0.5540438718334116 1 13 1
-1.073591381335965 1 13 2
0.8666205951342928 1 13 3
1.0627087147423 1 13 4
-0.1283167713416078 1 13 5
-0.14990420350451183 1 13 6
-0.7018617148531787 1 13 7
-0.6230766580554707 1 13 8
0.4230831756766476 1 13 9
-0.0439208263548986 1 13 10
-0.01706234228450537 1 13 11
-0.10893290226854041 1 13 12
-0.42564797176163666 1 13 13
-0.3858133758380513 1 13 14
0.13537071584046495 1 14 1
0.6607106658427049 1 14 2
-0.6082769842244786 1 14 3
-0.39336386214424424 1 14 4
-0.018794211880190342 1 14 5
0.6402641269312407 1 14 6
1.2020639374794662 1 14 7
0.7501120517469264 1 14 8
-1.1598784432417606 1 14 9
-0.08090507460107166 1 14 10
0.09046475942923547 1 14 11
0.07696793294801486 1 14 12
0.38694000739901463 1 14 13
0.4549920822442673 1 14 14
-0.012842719829799048 2 1 1
-0.006348116909052468 2 1 2
0.003809108781173262 2 1 3
9.625434764490514 2 1 4
-0.0016351354318202462 2 1 5
-9.272091950553368e-06 2 1 6
-0.01190894236483613 2 1 7
-0.025188619865829966 2 1 8
0.417490605881106 2 1 9
0.00020783740758920072 2 1 10
0.8715793763647853 2 1 11
0.04728280187315919 2 1 12
-0.8969528323715346 2 1 13
-0.05474641270733796 2 1 14
-3.1184838065970745e-05 2 2 1
-0.0139966348087447 2 2 2
0.01547840500862899 2 2 3
3.3283034480057365 2 2 4
-0.007039316678732577 2 2 5
-0.014566104305583914 2 2 6
-0.0359325120197821 2 2 7
-0.0415390107026759 2 2 8
1.1206186246602465 2 2 9
0.00048506628158656156 2 2 10
1.4002900457004699 2 2 11
0.25310374671089614 2 2 12
-1.5854981463023172 2 2 13
-0.2964969192445286 2 2 14
0.0010551512372544056 2 3 1
0.025048112242405166 2 3 2
0.0009775899793087158 2 3 3
-0.25259271452664067 2 3 4
-0.004900764539141999 2 3 5
0.0317814400280537 2 3 6
0.04983614859690352 2 3 7
0.05559681301262963 2 3 8
-1.6194089449642444 2 3 9
-0.001916549704536055 2 3 10
1.0777541855610837 2 3 11
-0.34502633997725657 2 3 12
-0.7674668082907412 2 3 13
0.38913270283015067 2 3 14
-16.483630213715283 2 4 1
-6.948041539941173 2 4 2
0.5388822620288168 2 4 3
-0.029941487905417064 2 4 4
-0.009810053549622827 2 4 5
-0.5721263943350477 2 4 6
-2.0424909990747655 2 4 7
-2.794657769425237 2 4 8
-0.08451590355178354 2 4 9
0.02935394434592342 2 4 10
-0.865368806063664 2 4 11
-0.23983269276534 2 4 12
-0.22983407422770805 2 4 13
-0.16815468496610045 2 4 14
-0.0004529442947089523 2 5 1
-0.011338202355038298 2 5 2
-0.004900764539141999 2 5 3
0.020052478546601294 2 5 4
-0.012948387238351169 2 5 5
-0.00033462545757554914 2 5 6
-0.0015940984803394015 2 5 7
-0.0031252801557903054 2 5 8
0.018868247308419323 2 5 9
-0.023300038165895365 2 5 10
-0.01588669512266803 2 5 11
0.01302535321774729 2 5 12
-0.23497303441953554 2 5 13
0.009239032588430762 2 5 14
9.226890864307052e-06 2 6 1
0.011149089818381067 2 6 2
-0.02398965835456597 2 6 3
0.41791823025561375 2 6 4
0.00031971789816018855 2 6 5
0.008910599509376654 2 6 6
0.004404462649836912 2 6 7
-0.002129801072609528 2 6 8
9.639244046405356 2 6 9
0.0017999556647897118 2 6 10
0.03923933944090817 2 6 11
0.9980035080416844 2 6 12
-0.062106448836088304 2 6 13
-0.8895809208443167 2 6 14
0.014504468536309748 2 7 1
0.02683210897163837 2 7 2
-0.03261925958061022 2 7 3
1.1203366866461975 2 7 4
0.0001877554379854153 2 7 5
2.1635263409224095e-05 2 7 6
0.0035335634400222374 2 7 7
-0.0057662523404725 2 7 8
3.338133323729554 2 7 9
0.007327558053929552 2 7 10
0.22207924287941158 2 7 11
1.5195583856809742 2 7 12
-0.32289712618575106 2 7 13
-1.545070917808692 2 7 14
0.03163924705833626 2 8 1
0.03780432693805661 2 8 2
-0.04320313035893866 2 8 3
1.6180276394514994 2 8 4
-0.0005427132793945683 2 8 5
-0.0005899726804429583 2 8 6
-0.01006235411019029 2 8 7
0.018096417304470015 2 8 8
0.24348922763481692 2 8 9
-0.0065073521517333595 2 8 10
0.3064827576583484 2 8 11
-1.0410535604839055 2 8 12
-0.41743352443992177 2 8 13
0.8673076044037832 2 8 14
-0.5717619418780971 2 9 1
-2.0427390535556182 2 9 2
2.7957716440212033 2 9 3
0.07620398864960866 2 9 4
-0.030931037846529702 2 9 5
-16.495685059550386 2 9 6
-6.949784136201021 2 9 7
-0.539508244596814 2 9 8
-0.009673113696530143 2 9 9
0.003490363640891283 2 9 10
-0.19708298911670508 2 9 11
-0.8527283754508663 2 9 12
-0.1850487747192801 2 9 13
-0.3494459961045337 2 9 14
-0.00034171731003342044 2 10 1
0.00048246475895730086 2 10 2
-0.0014430171803053503 2 10 3
-0.01627811308920307 2 10 4
0.01911802365753909 2 10 5
0.0004986009524609855 2 10 6
0.011909500462693528 2 10 7
-0.0065073521517333595 2 10 8
-0.002001745848075242 2 10 9
0.0023909506338277695 2 10 10
-0.0033233897397854954 2 10 11
0.1232815303759588 2 10 12
-0.022358675358663146 2 10 13
0.12945375299302683 2 10 14
-1.2106020587754445 2 11 1
-1.960606103202611 2 11 2
-1.223174252959376 2 11 3
-0.3633933999625911 2 11 4
0.013922580725048867 2 11 5
-0.05360672489642823 2 11 6
-0.3312397131039413 2 11 7
-0.4409626149126206 2 11 8
0.0246337046994982 2 11 9
0.004866080060276736 2 11 10
-0.5921195429751012 2 11 11
-0.03158353074522244 2 11 12
-0.7528677103408452 2 11 13
-0.06867663191346417 2 11 14
-0.06504450419893942 2 12 1
-0.3854905843664522 2 12 2
0.5079565468811373 2 12 3
0.03588301365816059 2 12 4
-0.017417875018041158 2 12 5
-1.3852232224908023 2 12 6
-2.1376994240013185 2 12 7
1.1828030593066354 2 12 8
-0.4865495186364245 2 12 9
-0.1377785969789158 2 12 10
-0.03066393946501667 2 12 11
-0.6507973684073804 2 12 12
-0.0880547883930272 2 12 13
-0.8015689050732664 2 12 14
1.237677368584389 2 13 1
2.1770690914812993 2 13 2
0.8673777777322856 2 13 3
-0.9663766627708088 2 13 4
0.2663344661223495 2 13 5
0.08521465485316418 2 13 6
0.4694434959566261 2 13 7
0.5865375536827426 2 13 8
-0.03827382514911594 2 13 9
0.02728149403767797 2 13 10
0.7725549709975225 2 13 11
0.09014849412725441 2 13 12
0.6522223485981591 2 13 13
0.051751959075509266 2 13 14
0.0747570720295734 2 14 1
0.4275094759774822 2 14 2
-0.5418804335000418 2 14 3
-0.03484328777487723 2 14 4
-0.011208752229651368 2 14 5
1.23087569053756 2 14 6
2.1332633955391165 2 14 7
-0.9821232458798184 2 14 8
-0.8474487819741963 2 14 9
-0.14525924581803543 2 14 10
0.07029253206092918 2 14 11
0.8146291508447256 2 14 12
0.047332029376428705 2 14 13
0.6391997004333555 2 14 14
0.015518279988639094 3 1 1
0.007670632861916476 3 1 2
-6.351089601187873e-05 3 1 3
-0.0016351354318202467 3 1 4
9.600124932909148 3 1 5
7.5121031838973194e-06 3 1 6
0.009810353569356577 3 1 7
0.020687026130873937 3 1 8
0.0002098312221654522 3 1 9
0.41664261220719323 3 1 10
-0.007873907211380971 3 1 11
0.004457388260899078 3 1 12
0.1086696255875978 3 1 13
-0.0027794965083677726 3 1 14
3.7681251102259706e-05 3 2 1
0.01390806626801626 3 2 2
-0.0007492223510535837 3 2 3
-0.0070393166787325765 3 2 4
3.218237922411674 3 2 5
0.011823966943041154 3 2 6
0.027092996318804616 3 2 7
0.03137774022386262 3 2 8
0.00043353257556660825 3 2 9
1.1001611086749186 3 2 10
-0.011620590920972755 3 2 11
0.024668446048310415 3 2 12
0.19239484635100468 3 2 13
-0.013985503178353093 3 2 14
-1.759296516272586e-05 3 3 1
-0.0010370482053227378 3 3 2
0.017366157132421758 3 3 3
-0.004900764539141999 3 3 4
-0.3256201315883753 3 3 5
-0.02579576278477057 3 3 6
-0.03753564921801343 3 3 7
-0.040934253634899324 3 3 8
-0.0018413169622577036 3 3 9
-1.599211241917394 3 3 10
-0.01007322616056365 3 3 11
-0.034329820914987506 3 3 12
0.09326457086204795 3 3 13
0.018393130904658595 3 3 14
-0.00045294429470895233 3 4 1
-0.011338202355038294 3 4 2
-0.004900764539141999 3 4 3
0.020052478546601294 3 4 4
-0.012948387238351166 3 4 5
-0.0003346254575755492 3 4 6
-0.0015940984803394015 3 4 7
-0.0031252801557903054 3 4 8
0.018868247308419323 3 4 9
-0.02330003816589537 3 4 10
-0.01588669512266803 3 4 11
0.013025353217747289 3 4 12
-0.2349730344195355 3 4 13
0.009239032588430762 3 4 14
-16.490641220121006 3 5 1
-7.124444135126069 3 5 2
0.46585484496708246 3 5 3
0.013951233528466564 3 5 4
0.004412402586540904 3 5 5
-0.572354668331103 3 5 6
-2.0746081722606857 3 5 7
-2.8315686305199455 3 5 8
-0.034290570541917 3 5 9
0.06507639773073018 3 5 10
-2.37630667504933 3 5 11
-0.38282871972139765 3 5 12
-2.1641046167481246 3 5 13
-0.36793400893396194 3 5 14
-7.496500137579246e-06 3 6 1
-0.008862782401529878 3 6 2
0.019142850639232288 3 6 3
0.0003166141224891164 3 6 4
0.4170000085474904 3 6 5
-0.0026700065121432674 3 6 6
-0.001319776322440465 3 6 7
-0.0007511414930589936 3 6 8
0.0017999556647897118 3 6 9
9.611792615331998 3 6 10
-0.0010701355067247447 3 6 11
0.07216054352358788 3 6 12
0.006635356636511639 3 6 13
-0.061993052089192036 3 6 14
-0.011764812744460416 3 7 1
-0.023747760471482735 3 7 2
0.028248954750235623 3 7 3
0.000241166592628133 3 7 4
1.0999852708195916 3 7 5
-6.483367045218081e-06 3 7 6
-0.002776143094967723 3 7 7
-0.0033266143632390255 3 7 8
0.007327558053929552 3 7 9
3.222099325549169 3 7 10
-0.0067333242978974755 3 7 11
0.10949436728788128 3 7 12
0.03340714720357954 3 7 13
-0.10752004817483399 3 7 14
-0.025668469701975217 3 8 1
-0.03406805106373907 3 8 2
0.03911215227094096 3 8 3
-0.00044839051512071215 3 8 4
1.5985040914153845 3 8 5
-0.0002080717629588885 3 8 6
-0.005313346988113916 3 8 7
-0.005150931999583861 3 8 8
-0.0065073521517333595 3 8 9
0.3232342282406482 3 8 10
-0.009921661339791601 3 8 11
-0.07633560220241811 3 8 12
0.04325641244995634 3 8 13
0.059660825553057184 3 8 14
-0.00034171731003342044 3 9 1
0.0004824647589573007 3 9 2
-0.00144301718030535 3 9 3
-0.01627811308920307 3 9 4
0.019118023657539097 3 9 5
0.0004986009524609855 3 9 6
0.011909500462693526 3 9 7
-0.0065073521517333595 3 9 8
-0.002001745848075244 3 9 9
0.0023909506338277695 3 9 10
-0.0033233897397854954 3 9 11
0.1232815303759588 3 9 12
-0.022358675358663146 3 9 13
0.12945375299302683 3 9 14
-0.5719835786962639 3 10 1
-2.0753729741798455 3 10 2
2.8339024231574075 3 10 3
0.04062137636164968 3 10 4
-0.06448953585027647 3 10 5
-16.50328930728943 3 10 6
-7.136557028865827 3 10 7
-0.4597632439909829 3 10 8
-0.010719408242546313 3 10 9
-0.0011585273771404455 3 10 10
-0.32302515301761064 3 10 11
-2.55419787874948 3 10 12
-0.4043975564684553 3 10 13
-2.208706316911306 3 10 14
0.01321618452543941 3 11 1
0.02447931818570405 3 11 2
0.014648635914141683 3 11 3
0.019359159965800274 3 11 4
1.318642512170392 3 11 5
0.0014329069785412939 3 11 6
0.007942033316677219 3 11 7
0.010296740586972193 3 11 8
0.003857186590939769 3 11 9
0.17530594613420591 3 11 10
0.010044918582665052 3 11 11
0.008160153185481281 3 11 12
0.04588708008280432 3 11 13
-0.0009589340467397818 3 11 14
-0.00589470777226082 3 12 1
-0.03319173793736316 3 12 2
0.0434676177786456 3 12 3
-0.015417129964491802 3 12 4
0.2074929632777112 3 12 5
-0.1007061230693541 3 12 6
-0.15627710514698856 3 12 7
0.08579140135727331 3 12 8
-0.13928886129610651 3 12 9
1.4090355333440754 3 12 10
-0.010005761272533031 3 12 11
-0.048382765419325416 3 12 12
5.958533188768e-05 3 12 13
-0.05720475002931051 3 12 14
-0.14813289705245206 3 13 1
-0.25856696907550986 3 13 2
-0.10293467293882136 3 13 3
0.26186590423213674 3 13 4
1.1929837317739613 3 13 5
-0.009191747721897459 3 13 6
-0.05195391656189215 3 13 7
-0.06478553416953939 3 13 8
0.029119908415805588 3 13 9
0.22043506035658159 3 13 10
-0.061045962301552945 3 13 11
-0.004218731904363664 3 13 12
-0.07624416811961479 3 13 13
-0.03165734739284037 3 13 14
0.004062317763054293 3 14 1
0.02511721773452031 3 14 2
-0.03169257204050522 3 14 3
-0.013879342719786497 3 14 4
0.20105076944322062 3 14 5
0.08535835960426158 3 14 6
0.14777782028996833 3 14 7
-0.06829209916758307 3 14 8
-0.14471200268783738 3 14 9
1.2266868519687488 3 14 10
0.0024480252185762924 3 14 11
0.05744756737695339 3 14 12
0.029231664389838877 3 14 13
0.044656003881163774 3 14 14
