6
0 3 0 5
3 6 5 10
6 7 10 11
7 8 11 12
8 9 12 13
9 10 13 14
-3.268433025919674e-15 1 1 1
-8.654476956354794e-16 1 1 2
-0.7817636429743396 1 1 3
-3.605276825613254e-33 1 1 4
8.071999746993418e-34 1 1 5
1.6310209234098504e-05 1 1 6
0.05211032693899237 1 1 7
0.0869072206969922 1 1 8
0.001497938462485619 1 1 9
-0.0012153084299536235 1 1 10
-0.04450953455699884 1 1 11
0.006822201375381523 1 1 12
-0.02621350100870895 1 1 13
0.006370883609433773 1 1 14
-9.110208489136186e-17 1 2 1
5.840271632808683e-17 1 2 2
-0.4987114975254108 1 2 3
0.05211032693899241 1 2 6
0.27353949762476304 1 2 7
0.18757471005119988 1 2 8
0.004540145459282974 1 2 9
-0.003683513834557965 1 2 10
-0.18383967951982028 1 2 11
0.08737666617130316 1 2 12
-0.1182970458849735 1 2 13
0.08223694260818148 1 2 14
0.7817636429743395 1 3 1
0.4987114975254109 1 3 2
1.801543298754401e-16 1 3 3
-2.506398767432482e-19 1 3 5
-0.08690722069699207 1 3 6
-0.1875747100511997 1 3 7
0.005876646703131587 1 3 8
-0.005658180249051127 1 3 9
0.004590598564014739 1 3 10
0.06688382472310535 1 3 11
-0.08381710041064074 1 3 12
0.1361392268474056 1 3 13
-0.07365001524724901 1 3 14
-2.159389076479365e-33 1 4 1
1.801543298754401e-16 1 4 4
-0.001497938462485618 1 4 6
-0.004540145459282973 1 4 7
-0.005658180249051131 1 4 8
0.21770242037579374 1 4 9
9.107387697135637e-05 1 4 10
-0.19595488197404554 1 4 11
0.05172477079529153 1 4 12
0.14567468984631654 1 4 13
-0.05761178450792716 1 4 14
2.707171144654887e-35 1 5 1
2.506398767432482e-19 1 5 3
1.801543298754401e-16 1 5 5
0.0012153084299536226 1 5 6
0.003683513834557964 1 5 7
0.0045905985640147424 1 5 8
9.107387697135637e-05 1 5 9
0.2177407841180709 1 5 10
0.0021233176772009637 1 5 11
0.004692435466342518 1 5 12
-0.01744403970081001 1 5 13
-0.0031251223308428255 1 5 14
-1.63102092340985e-05 1 6 1
-0.05211032693899244 1 6 2
0.0869072206969922 1 6 3
0.0014979384624856213 1 6 4
-0.0012153084299536252 1 6 5
-2.2263166821363285e-15 1 6 6
-2.402929661674375e-16 1 6 7
-0.7817636429743396 1 6 8
-2.4320515097050907e-34 1 6 9
-4.95662335696931e-34 1 6 10
-0.00570442838093624 1 6 11
0.044041475639807266 1 6 12
-0.00705209979359268 1 6 13
0.030308206628349592 1 6 14
-0.05211032693899242 1 7 1
-0.27353949762476304 1 7 2
0.1875747100511999 1 7 3
0.004540145459282975 1 7 4
-0.003683513834557965 1 7 5
-6.326974094245709e-17 1 7 6
-4.5349504370258554e-17 1 7 7
-0.4987114975254108 1 7 8
7.913223172202578e-35 1 7 9
-0.07695358147053863 1 7 11
0.1700504962868845 1 7 12
-0.08823080451688542 1 7 13
0.13489069480681615 1 7 14
-0.08690722069699208 1 8 1
-0.18757471005119972 1 8 2
-0.005876646703131601 1 8 3
0.00565818024905113 1 8 4
-0.004590598564014741 1 8 5
0.7817636429743395 1 8 6
0.4987114975254109 1 8 7
-1.4840131567700286e-16 1 8 8
-4.447777122502573e-19 1 8 9
6.265996918581205e-20 1 8 10
-0.07649115934082608 1 8 11
0.10558301131994367 1 8 12
-0.07626327996845533 1 8 13
0.1197650326249286 1 8 14
-0.001497938462485618 1 9 1
-0.0045401454592829725 1 9 2
0.005658180249051132 1 9 3
-0.21770242037579376 1 9 4
-9.107387697135639e-05 1 9 5
-1.0652254616640963e-34 1 9 6
1.579686024500082e-34 1 9 7
4.447777122502573e-19 1 9 8
-1.4840131567700286e-16 1 9 9
-0.045480550657971464 1 9 11
0.18887970378583196 1 9 12
0.06273087238838411 1 9 13
-0.1619569998121445 1 9 14
0.0012153084299536228 1 10 1
0.003683513834557964 1 10 2
-0.0045905985640147424 1 10 3
-9.107387697135639e-05 1 10 4
-0.21774078411807096 1 10 5
-4.108737554763685e-34 1 10 6
-6.265996918581205e-20 1 10 8
-1.4840131567700286e-16 1 10 10
0.0012163471511513002 1 10 11
0.01372821913209153 1 10 12
-0.006764571871505292 1 10 13
-0.011233543071980035 1 10 14
0.044509534556998825 1 11 1
0.18383967951982033 1 11 2
-0.06688382472310539 1 11 3
0.19595488197404548 1 11 4
-0.0021233176772009637 1 11 5
0.005704428380936248 1 11 6
0.07695358147053862 1 11 7
0.07649115934082608 1 11 8
0.04548055065797146 1 11 9
-0.0012163471511513002 1 11 10
1.2418660115311255e-16 1 11 11
0.03919727151326064 1 11 12
0.01189777193700884 1 11 13
0.010899622484613267 1 11 14
-0.006822201375381533 1 12 1
-0.08737666617130316 1 12 2
0.08381710041064072 1 12 3
-0.05172477079529154 1 12 4
-0.0046924354663425176 1 12 5
-0.04404147563980715 1 12 6
-0.1700504962868845 1 12 7
-0.10558301131994362 1 12 8
-0.18887970378583202 1 12 9
-0.013728219132091535 1 12 10
-0.03919727151326064 1 12 11
-2.5476074070669457e-16 1 12 12
-0.013180149373461889 1 12 13
-0.004019602309863137 1 12 14
0.02621350100870887 1 13 1
0.11829704588497347 1 13 2
-0.13613922684740562 1 13 3
-0.1456746898463165 1 13 4
0.01744403970081001 1 13 5
0.007052099793592691 1 13 6
0.0882308045168854 1 13 7
0.07626327996845533 1 13 8
-0.06273087238838411 1 13 9
0.006764571871505293 1 13 10
-0.011897771937008843 1 13 11
0.01318014937346189 1 13 12
-1.8230254314415976e-16 1 13 13
0.06073844081282168 1 13 14
-0.006370883609433794 1 14 1
-0.08223694260818147 1 14 2
0.07365001524724898 1 14 3
0.057611784507927144 1 14 4
0.0031251223308428246 1 14 5
-0.030308206628349543 1 14 6
-0.1348906948068161 1 14 7
-0.11976503262492857 1 14 8
0.16195699981214445 1 14 9
0.011233543071980032 1 14 10
-0.010899622484613267 1 14 11
0.00401960230986313 1 14 12
-0.060738440812821676 1 14 13
-4.057116854040025e-17 2 1 1
-1.2522897322472986e-17 2 1 2
-3.605276825613254e-33 2 1 3
-0.7817636429743396 2 1 4
7.151965701290812e-35 2 1 5
2.1474234685713555e-07 2 1 6
0.0006860913763740777 2 1 7
0.0014979384624856165 2 1 8
-0.026845166479435037 2 1 9
-1.6000909654665527e-05 2 1 10
-0.05762361711111663 2 1 11
-0.0030565347364886995 2 1 12
0.058806638470555485 2 1 13
0.003513730386139521 2 1 14
-3.0076778454048628e-18 2 2 1
-0.4987114975254108 2 2 4
0.0006860913763740784 2 2 6
0.00360145678298591 2 2 7
0.004540145459282974 2 2 8
-0.157200724357951 2 2 9
-4.8497624657077224e-05 2 2 10
-0.23800534891944314 2 2 11
-0.039147160955246535 2 2 12
0.2653842997614532 2 2 13
0.045356101573995014 2 2 14
-2.159389076479365e-33 2 3 1
1.801543298754401e-16 2 3 4
-0.001497938462485618 2 3 6
-0.004540145459282973 2 3 7
-0.005658180249051131 2 3 8
0.21770242037579374 2 3 9
9.107387697135637e-05 2 3 10
-0.1959548819740455 2 3 11
0.051724770795291544 2 3 12
0.14567468984631654 2 3 13
-0.05761178450792716 2 3 14
0.7817636429743395 2 4 1
0.4987114975254109 2 4 2
-1.8015432987544013e-16 2 4 3
-2.506398767432482e-19 2 4 5
0.026845166479435037 2 4 6
0.15720072435795102 2 4 7
0.21770242037579385 2 4 8
0.008601851472611072 2 4 9
-0.0023254872261273146 2 4 10
-0.03544716298736989 2 4 11
0.008458729474361883 2 4 12
-0.12572772958766035 2 4 13
-0.0009664088460104719 2 4 14
9.605046273882546e-36 2 5 1
2.506398767432482e-19 2 5 4
1.6000909654665537e-05 2 5 6
4.849762465707721e-05 2 5 7
9.10738769713564e-05 2 5 8
-0.0023254872261273146 2 5 9
0.0028668036269132446 2 5 10
0.002748922136662844 2 5 11
-0.0021023407566601393 2 5 12
0.03913347308361226 2 5 13
-0.001723597222530567 2 5 14
-2.1474234685713555e-07 2 6 1
-0.0006860913763740786 2 6 2
0.0014979384624856167 2 6 3
-0.026845166479435037 2 6 4
-1.6000909654665527e-05 2 6 5
7.590832267246705e-18 2 6 6
1.240817981097397e-18 2 6 7
-2.4320515097050907e-34 2 6 8
-0.7817636429743396 2 6 9
-5.7708986996436705e-36 2 6 10
-0.0025168190448527947 2 6 11
-0.06586645435812429 2 6 12
0.004003130736856435 2 6 13
0.05847346092083692 2 6 14
-0.0006860913763740786 2 7 1
-0.00360145678298591 2 7 2
0.004540145459282973 2 7 3
-0.157200724357951 2 7 4
-4.849762465707722e-05 2 7 5
-3.597021528689483e-20 2 7 6
5.157260678279563e-19 2 7 7
7.913223172202578e-35 2 7 8
-0.4987114975254108 2 7 9
6.995814352680613e-39 2 7 10
-0.03395226067907876 2 7 11
-0.2543198902748097 2 7 12
0.05008429486775287 2 7 13
0.26024389592200775 2 7 14
-0.0014979384624856183 2 8 1
-0.0045401454592829725 2 8 2
0.005658180249051132 2 8 3
-0.21770242037579376 2 8 4
-9.107387697135637e-05 2 8 5
-1.0652254616640963e-34 2 8 6
1.579686024500082e-34 2 8 7
4.447777122502573e-19 2 8 8
-1.4840131567700286e-16 2 8 9
-0.045480550657971464 2 8 11
0.1888797037858319 2 8 12
0.06273087238838411 2 8 13
-0.1619569998121445 2 8 14
0.026845166479435037 2 9 1
0.15720072435795102 2 9 2
-0.21770242037579385 2 9 3
-0.008601851472611072 2 9 4
0.0023254872261273146 2 9 5
0.7817636429743395 2 9 6
0.4987114975254109 2 9 7
1.4840131567700286e-16 2 9 8
4.447777122502571e-19 2 9 9
6.265996918581205e-20 2 9 10
0.006525336897739917 2 9 11
-0.05060295280126753 2 9 12
-0.0013629166858582786 2 9 13
-0.10875151732799694 2 9 14
1.600090965466554e-05 2 10 1
4.84976246570772e-05 2 10 2
-9.107387697135639e-05 2 10 3
0.002325487226127314 2 10 4
-0.0028668036269132438 2 10 5
-5.9800663494036854e-37 2 10 6
-3.005468435953363e-37 2 10 7
-6.265996918581205e-20 2 10 9
4.447777122502573e-19 2 10 10
0.0005366577456561192 2 10 11
-0.020531308402957832 2 10 12
0.0038399152554677136 2 10 13
-0.021672814557346612 2 10 14
0.05762361711111664 2 11 1
0.2380053489194432 2 11 2
0.19595488197404562 2 11 3
0.035447162987369954 2 11 4
-0.002748922136662845 2 11 5
0.0025168190448527942 2 11 6
0.03395226067907876 2 11 7
0.045480550657971464 2 11 8
-0.006525336897739909 2 11 9
-0.0005366577456561192 2 11 10
1.5682372248660307e-16 2 11 11
8.1633958206475e-05 2 11 12
0.10956847964090927 2 11 13
0.008158236466158646 2 11 14
0.0030565347364886995 2 12 1
0.039147160955246535 2 12 2
-0.051724770795291544 2 12 3
-0.008458729474361886 2 12 4
0.0021023407566601393 2 12 5
0.06586645435812429 2 12 6
0.25431989027480967 2 12 7
-0.18887970378583194 2 12 8
0.050602952801267614 2 12 9
0.020531308402957832 2 12 10
-8.163395820647796e-05 2 12 11
-1.30208558950762e-17 2 12 12
0.010495056022264028 2 12 13
0.11464525471115043 2 12 14
-0.0588066384705555 2 13 1
-0.2653842997614533 2 13 2
-0.14567468984631654 2 13 3
0.12572772958766038 2 13 4
-0.039133473083612265 2 13 5
-0.004003130736856434 2 13 6
-0.05008429486775287 2 13 7
-0.06273087238838412 2 13 8
0.001362916685858296 2 13 9
-0.003839915255467714 2 13 10
-0.10956847964090928 2 13 11
-0.01049505602226403 2 13 12
-8.049734406561411e-17 2 13 13
-0.0003680804215359216 2 13 14
-0.003513730386139522 2 14 1
-0.04535610157399502 2 14 2
0.057611784507927144 2 14 3
0.0009664088460104776 2 14 4
0.0017235972225305668 2 14 5
-0.05847346092083694 2 14 6
-0.2602438959220078 2 14 7
0.16195699981214445 2 14 8
0.10875151732799689 2 14 9
0.021672814557346605 2 14 10
-0.008158236466158646 2 14 11
-0.11464525471115045 2 14 12
0.00036808042153591475 2 14 13
-6.638177897366446e-17 2 14 14
1.527806956231634e-17 3 1 1
5.044506653969426e-18 3 1 2
8.071999746993418e-34 3 1 3
7.151965701290812e-35 3 1 4
-0.7817636429743396 3 1 5
-1.7422490371897195e-07 3 1 6
-0.0005566401119324388 3 1 7
-0.0012153084299536205 3 1 8
-1.6000909654665506e-05 3 1 9
-0.026851906664377263 3 1 10
0.0006243949811492826 3 1 11
-0.0002772867193239075 3 1 12
-0.007041891334958554 3 1 13
0.00019060054098436554 3 1 14
7.331930861405556e-19 3 2 1
-5.615192422290775e-19 3 2 2
-0.4987114975254108 3 2 5
-0.0005566401119324399 3 2 6
-0.0029219363132004864 3 2 7
-0.0036835138345579646 3 2 8
-4.849762465707721e-05 3 2 9
-0.15722115338145667 3 2 10
0.0025789659310247385 3 2 11
-0.00355140339239047 3 2 12
-0.03177885098567458 3 2 13
0.0024603189621624014 3 2 14
2.707171144654887e-35 3 3 1
2.5063987674324824e-19 3 3 3
1.801543298754401e-16 3 3 5
0.0012153084299536226 3 3 6
0.003683513834557964 3 3 7
0.0045905985640147424 3 3 8
9.107387697135636e-05 3 3 9
0.21774078411807096 3 3 10
0.0021233176772009637 3 3 11
0.0046924354663425176 3 3 12
-0.017444039700810012 3 3 13
-0.0031251223308428255 3 3 14
9.605046273882546e-36 3 4 1
2.5063987674324824e-19 3 4 4
1.6000909654665537e-05 3 4 6
4.849762465707721e-05 3 4 7
9.10738769713564e-05 3 4 8
-0.0023254872261273146 3 4 9
0.0028668036269132446 3 4 10
0.0027489221366628442 3 4 11
-0.002102340756660139 3 4 12
0.03913347308361226 3 4 13
-0.001723597222530567 3 4 14
0.7817636429743395 3 5 1
0.4987114975254109 3 5 2
-1.8015432987544013e-16 3 5 3
2.506398767432482e-19 3 5 5
0.026851906664377256 3 5 6
0.15722115338145665 3 5 7
0.2177407841180711 3 5 8
0.0028668036269132446 3 5 9
-0.006979269659248628 3 5 10
0.2182131687459822 3 5 11
0.03144213321885404 3 5 12
0.19638871663909746 3 5 13
0.03071469540763682 3 5 14
1.74224903718972e-07 3 6 1
0.0005566401119324403 3 6 2
-0.001215308429953624 3 6 3
-1.600090965466555e-05 3 6 4
-0.026851906664377263 3 6 5
1.034570561739809e-17 3 6 6
1.8553988190647557e-18 3 6 7
-4.95662335696931e-34 3 6 8
-5.7708986996436705e-36 3 6 9
-0.7817636429743396 3 6 10
6.731065545340907e-05 3 6 11
-0.004787328128741286 3 6 12
-0.00043167685303084684 3 6 13
0.0040557934673022215 3 6 14
0.00055664011193244 3 7 1
0.0029219363132004864 3 7 2
-0.003683513834557964 3 7 3
-4.849762465707722e-05 3 7 4
-0.15722115338145667 3 7 5
-4.456609404622277e-19 3 7 6
1.4037981055726937e-19 3 7 7
6.995814352680613e-39 3 7 9
-0.4987114975254108 3 7 10
0.0009080306846483935 3 7 11
-0.018484565113999037 3 7 12
-0.005400830553877542 3 7 13
0.018050846937463116 3 7 14
0.0012153084299536228 3 8 1
0.003683513834557964 3 8 2
-0.0045905985640147424 3 8 3
-9.107387697135639e-05 3 8 4
-0.21774078411807096 3 8 5
-4.108737554763685e-34 3 8 6
-6.265996918581206e-20 3 8 8
-1.4840131567700286e-16 3 8 10
0.0012163471511513002 3 8 11
0.01372821913209153 3 8 12
-0.006764571871505292 3 8 13
-0.011233543071980035 3 8 14
1.600090965466554e-05 3 9 1
4.84976246570772e-05 3 9 2
-9.107387697135639e-05 3 9 3
0.002325487226127314 3 9 4
-0.0028668036269132438 3 9 5
-5.9800663494036854e-37 3 9 6
-3.005468435953363e-37 3 9 7
-6.265996918581206e-20 3 9 9
4.447777122502573e-19 3 9 10
0.0005366577456561192 3 9 11
-0.020531308402957832 3 9 12
0.003839915255467714 3 9 13
-0.021672814557346612 3 9 14
0.026851906664377256 3 10 1
0.15722115338145665 3 10 2
-0.21774078411807105 3 10 3
-0.002866803626913245 3 10 4
0.006979269659248628 3 10 5
0.7817636429743395 3 10 6
0.4987114975254109 3 10 7
1.4840131567700286e-16 3 10 8
-4.447777122502572e-19 3 10 9
-6.265996918581205e-20 3 10 10
0.02657720455281221 3 10 11
0.23038479157375572 3 10 12
0.03383224242627919 3 10 13
0.20220800212934603 3 10 14
-0.0006243949811492817 3 11 1
-0.0025789659310247377 3 11 2
-0.002123317677200964 3 11 3
-0.0027489221366628447 3 11 4
-0.21821316874598223 3 11 5
-6.731065545340903e-05 3 11 6
-0.0009080306846483933 3 11 7
-0.0012163471511513007 3 11 8
-0.0005366577456561193 3 11 9
-0.026577204552812202 3 11 10
-1.1321593369146063e-18 3 11 11
-0.001323693279439463 3 11 12
-0.0076901093247486296 3 11 13
0.00019913299312178338 3 11 14
0.0002772867193239076 3 12 1
0.0035514033923904702 3 12 2
-0.004692435466342519 3 12 3
0.0021023407566601398 3 12 4
-0.03144213321885405 3 12 5
0.004787328128741286 3 12 6
0.01848456511399904 3 12 7
-0.013728219132091532 3 12 8
0.020531308402957835 3 12 9
-0.23038479157375572 3 12 10
0.0013236932794394628 3 12 11
-1.3247020590396353e-17 3 12 12
-0.00025500455318157723 3 12 13
0.008129449852851377 3 12 14
0.007041891334958554 3 13 1
0.03177885098567458 3 13 2
0.01744403970081001 3 13 3
-0.03913347308361225 3 13 4
-0.19638871663909746 3 13 5
0.00043167685303084673 3 13 6
0.005400830553877542 3 13 7
0.006764571871505292 3 13 8
-0.003839915255467713 3 13 9
-0.033832242426279184 3 13 10
0.007690109324748629 3 13 11
0.000255004553181577 3 13 12
7.761662572069534e-18 3 13 13
0.004709803164924845 3 13 14
-0.0001906005409843655 3 14 1
-0.002460318962162402 3 14 2
0.0031251223308428255 3 14 3
0.001723597222530567 3 14 4
-0.03071469540763682 3 14 5
-0.004055793467302223 3 14 6
-0.01805084693746312 3 14 7
0.01123354307198003 3 14 8
0.021672814557346605 3 14 9
-0.202208002129346 3 14 10
-0.00019913299312178338 3 14 11
-0.008129449852851377 3 14 12
-0.004709803164924847 3 14 13
-3.769085024049632e-18 3 14 14
