14
32.51734935703675
1.0000000000000002 1 1
0.24836239031011142 2 1
1.0000000000000002 2 2
-6.533294635296997e-19 3 1
-1.564214505215306e-16 3 2
1.0 3 3
4.866124251436483e-19 4 1
0.0 4 2
0.0 4 3
1.0 4 4
-1.2023168584285251e-18 5 1
-4.279274094218854e-19 5 2
0.0 5 3
0.0 5 4
1.0 5 5
1.7993513948658533e-06 6 1
0.04155477833889688 6 2
-0.06888471819662881 6 3
-0.0009069452044312854 6 4
0.0007358233866445868 6 5
1.0000000000000002 6 6
0.04155477833889687 7 1
0.3864884285324859 7 2
-0.4032343274951907 7 3
-0.005309035866851167 7 4
0.00430733051156453 7 5
0.24836239031011142 7 6
1.0000000000000002 7 7
0.06888471819662881 8 1
0.4032343274951906 8 2
-0.32834774628569535 8 3
-0.0073533144948880105 8 4
0.005965896008110125 8 5
-1.670717635649344e-16 8 6
1.682923942978194e-16 8 7
1.0 8 8
0.0009069452044312852 9 1
0.005309035866851166 9 2
-0.007353314494888009 9 3
0.23005775460821454 9 4
7.85477667085241e-05 9 5
-2.0207532524979936e-19 9 6
-7.100438122668024e-19 9 7
-1.1421476992077486e-34 9 8
1.0 9 9
-0.0007358233866445868 10 1
-0.00430733051156453 10 2
0.005965896008110123 10 3
7.854776670852411e-05 10 4
0.2300908418817409 10 5
-2.985180504793933e-19 10 6
1.0698185235547135e-19 10 7
0.0 10 8
5.434885977530575e-38 10 9
1.0 10 10
0.05897673197345621 11 1
0.4774196083316685 11 2
0.2806676273500957 11 3
0.36336223361752457 11 4
-0.00393730151601687 11 5
0.004513441571302622 11 6
0.08530909041653532 11 7
0.10238148253627807 11 8
0.04517116315259566 11 9
-0.0012080727875976194 11 10
1.0000000000000002 11 11
0.005601278757145313 12 1
0.0995959496641704 12 2
-0.11682070672493519 12 3
0.05233890476092174 12 4
0.0047481492753570385 12 5
0.06423841896478737 12 6
0.49842688461224155 12 7
-0.2617662301522787 12 8
0.3914858255848127 12 9
0.028454106465721874 12 10
0.03817418848097681 12 11
1.0000000000000002 12 12
0.052650927153959436 13 1
0.4501202289997395 13 2
0.17870350614554106 13 3
-0.4008984712049777 13 4
0.04800620378921986 13 5
0.006174441100492773 13 6
0.10685024475401869 13 7
0.11824769011930075 13 8
-0.06712340674885628 13 9
0.007238239991334798 13 10
0.12887428306238927 13 11
0.014762673105457397 13 12
1.0000000000000002 13 13
0.005421614127469346 14 1
0.09728588759908609 14 2
-0.10986351465726849 14 3
-0.060592971626056286 14 4
-0.0032868353295784298 14 5
0.05360071977787331 14 6
0.4543767987124265 14 7
-0.20410479157119452 14 8
-0.39377828256358716 14 9
-0.027312961484340103 14 10
0.011668237451233235 14 11
0.1352445183715004 14 12
0.06357081288401388 14 13
1.0000000000000002 14 14
