 Energy =   -76.7062373587695     
     1  -0.92352743478896898E-03   0.84553846157051593E-05
     2  -0.18342261953613322E-01   0.16793315899192021E-03
     3  -0.30652306935634011E-02   0.28063816486259095E-04
     4  -0.49807803487047272E-03   0.45601691891554796E-05
     5  -0.44952461337524965E-03   0.41156368042086616E-05
     6  -0.17606965325545411E-04   0.16120112747586030E-06
     7  -0.30092503186888362E-01   0.27551286394931633E-03
     8  -0.90836692688182515E-02   0.83165821064395504E-04
     9  -0.28450857652572272E-03   0.26048272637850432E-05
    10  -0.39794398362744425E-02   0.36433887184356207E-04
    11  -0.38407331887359846E-04   0.35163954089233038E-06
    12  -0.32142323065933650E-04   0.29428005463294404E-06
    13  -0.48085122085871042E-02   0.44024485490469885E-04
    14  -0.44620000337946045E-03   0.40851982323236384E-05
    15  -0.16971225838348539E-01   0.15538059450937727E-03
    16  -0.33795865409435664E-05   0.30941911381623602E-07
    17   0.57403000206502032E-05  -0.52555498251363350E-07
    18  -0.27545042598301380E-04   0.25218950802240169E-06
    19  -0.22488124649041239E-01   0.20589073592276402E-03
    20  -0.12180106392351182E-02   0.11151534900646612E-04
    21  -0.48852924707617353E-06   0.44727449607317730E-08
    22   0.57880202370307803E-04  -0.52992402200551006E-06
    23  -0.96842540544364447E-02   0.88664494049571128E-04
    24  -0.29312974598514837E-03   0.26837586532280343E-05
    25  -0.15401659208925944E-03   0.14101037763024731E-05
    26  -0.11510854857490527E-01   0.10538799542850673E-03
    27  -0.48679759399095307E-03   0.44568907561841225E-05
    28   0.39221685604937882E-07  -0.35909538208986347E-09
    29  -0.63901320264945502E-02   0.58505055717693144E-04
    30  -0.73433178747015155E-04   0.67231978874749874E-06
    31  -0.43309087632586038E-04   0.39651772052930088E-06
    32  -0.75679136466156455E-04   0.69288272562472426E-06
    33  -0.78072956972020317E-03   0.71479942491873703E-05
    34  -0.14313387557793192E-02   0.13104667213534931E-04
    35  -0.13539596806669532E-03   0.12396220645911199E-05
    36   0.31529552494147691E-04  -0.28866981429739863E-06
    37  -0.11034682460856272E-01   0.10102838400251293E-03
    38  -0.74672500453797699E-04   0.68366643780057533E-06
    39  -0.55087833323511927E-03   0.50435839894955369E-05
    40   0.28081992496687400E-03  -0.25710556978645212E-05
    41   0.11154831204530973E-03  -0.10212840962232086E-05
    42  -0.96196350381668285E-03   0.88072872603941883E-05
    43  -0.18005395270970676E-04   0.16484896543289387E-06
    44  -0.77495128013716156E-05   0.70950909362969379E-07
    45  -0.25159953268120857E-02   0.23035274728329149E-04
    46  -0.98952464360056237E-04   0.90596241467078754E-06
    47   0.22644326903386368E-04  -0.20732085059892420E-06
    48  -0.80388544856897122E-02   0.73599986297889550E-04
    49  -0.56685030854017214E-04   0.51898159141677330E-06
    50  -0.13290300520077363E-04   0.12167976642863741E-06
    51   0.85737478915741367E-05  -0.78497219779849687E-07
    52  -0.18494069856408576E-03   0.16932304104358958E-05
    53  -0.17971927441773491E-03   0.16454254966498590E-05
    54  -0.22247150434486194E-01   0.20368448888583008E-03
    55  -0.97613647273817625E-03   0.89370483252672067E-05
    56  -0.56545327455392500E-03   0.51770253253557928E-05
    57  -0.74337559146271815E-02   0.68059987207427872E-04
    58   0.30308007752727891E-04  -0.27748592281251096E-06
    59  -0.10114889005404573E-01   0.92607185952636132E-04
    60  -0.74416337503305187E-02   0.68132112981175215E-04
    61  -0.12528374827000115E-03   0.11470393166631877E-05
    62  -0.15384909411815294E-02   0.14085702433345226E-04
    63  -0.78906274422947426E-03   0.72242888917626372E-05
    64  -0.15879777979186727E-04   0.14538780914149058E-06
    65   0.57216039763645973E-03  -0.52384326027050186E-05
    66  -0.31543841266218082E-03   0.28880063560166115E-05
    67  -0.55070252351415913E-03   0.50419743580391233E-05
    68  -0.22163540557082912E-04   0.20291899601091810E-06
    69  -0.35145213520546109E-04   0.32177311309133188E-06
    70   0.67537269278237106E-04  -0.61833960327603211E-06
    71  -0.18254532475629771E-05   0.16712994898370268E-07
    72  -0.23450069307606492E-03   0.21469785064486315E-05
    73  -0.13446360852189688E-03   0.12310858173130994E-05
    74  -0.42250116732457160E-04   0.38682227898621864E-06
    75  -0.35834860099141476E-03   0.32808719413675466E-05
    76  -0.23228590162309686E-04   0.21267009133063113E-06
    77  -0.52589474202177538E-02   0.48148459305783755E-04
    78  -0.93811816654623402E-05   0.85889705214237594E-07
    79  -0.64646443996637304E-03   0.59187256105078862E-05
    80  -0.44226352264990364E-04   0.40491576585984839E-06
    81  -0.63393121693532193E-03   0.58039772909561590E-05
    82  -0.35377992313735908E-02   0.32390432668895408E-04
    83  -0.34778749307434898E-04   0.31841793840672156E-06
    84  -0.66990329377910465E-04   0.61333207773349762E-06
    85  -0.86614615645540496E+02   0.79300285084856925E+00
    86  -0.22773488658841363E-02   0.20850339513292733E-04
    87  -0.11753444048747766E-03   0.10760902843567617E-05
    88  -0.21512300907232160E-03   0.19695655081540147E-05
    89  -0.87743726102517165E-03   0.80334045732101137E-05
    90   0.37689763222804941E-04  -0.34506981830647556E-06
    91   0.23849161518487134E-04  -0.21835175199420319E-06
    92  -0.70216133373020937E-02   0.64286602815671364E-04
    93  -0.49066171975763324E-05   0.44922688817600059E-07
    94  -0.17592884268466547E-01   0.16107220791276719E-03
    95  -0.67596917728038786E-03   0.61888571654327801E-05
    96  -0.21694037360658969E-02   0.19862044465821840E-04
    97  -0.30200450723145865E-02   0.27650118102901798E-04
    98   0.32242227997032909E-04  -0.29519473738694669E-06
    99   0.31865392430649893E-04  -0.29174460744968765E-06
   100  -0.74008000450953148E-03   0.67758258702415344E-05
   101  -0.96227757328948380E-03   0.88101627333780428E-05
   102  -0.10200790381418634E-05   0.93393658715497971E-08
   103  -0.59809876484061353E-02   0.54759121433800924E-04
   104  -0.80702786890884274E-05   0.73887691585214346E-07
   105  -0.95081044014070883E-06   0.87051750334354315E-08
   106  -0.32874793304815690E-02   0.30098620905348955E-04
   107  -0.80136393258558269E-05   0.73369128105148699E-07
   108  -0.12504350869471640E-05   0.11448397956393100E-07
   109  -0.69282376922424004E-03   0.63431699146350820E-05
   110  -0.44213909534013539E-04   0.40480184604315897E-06
   111  -0.50136786412576629E-04   0.45902893248717104E-06
   112  -0.36660054595928713E-03   0.33564228843094175E-05
   113  -0.52697620721663422E-03   0.48247473193477510E-05
   114  -0.11434396278840486E-02   0.10468797649533452E-04
   115  -0.10223373477753362E-02   0.93600418967690472E-05
   116  -0.26725281014488934E-01   0.24468415493465322E-03
   117  -0.60033053635053097E-04   0.54963451979704378E-06
   118  -0.53330508667199371E-01   0.48826915752146353E-03
   119  -0.15325388001940165E-02   0.14031207418426883E-04
   120  -0.70740691124505364E-03   0.64766863322817402E-05
   121  -0.80250772262789306E-04   0.73473848163947575E-06
   122  -0.12434441406449221E-01   0.11384392126586100E-03
   123  -0.25781091598767545E-04   0.23603959889953492E-06
   124  -0.25145214250186165E-03   0.23021780373878916E-05
   125  -0.39213841086323377E-04   0.35902356135177585E-06
   126  -0.50735480227679210E-03   0.46451029263203009E-05
   127  -0.87486672428034734E-02   0.80098699428054866E-04
   128  -0.86366883172520970E-03   0.79073472836268054E-05
   129  -0.46454609706882008E-03   0.42531664728932790E-05
   130  -0.27608695700946196E-01   0.25277228601531306E-03
   131  -0.74558322089527255E-05   0.68262107417808673E-07
   132  -0.48087301820451807E-03   0.44026481153353981E-05
   133  -0.12794594138260137E-03   0.11714131098396294E-05
   134   0.12427243209949765E-04  -0.11377801795032362E-06
   135  -0.13235559616340397E-02   0.12117858435448159E-04
   136  -0.38209259653280118E-03   0.34982608429348144E-05
   137  -0.89594479893595036E-03   0.82028509214511247E-05
   138  -0.69977214084297322E-03   0.64067859505817180E-05
   139  -0.40002436124573858E-03   0.36624356814666677E-05
   140  -0.38017424104337737E-02   0.34806972786250721E-04
   141  -0.10528699777807210E-03   0.96395843557145575E-06
   142  -0.10188551712525683E-03   0.93281607195666500E-06
   143  -0.46343277826324720E-03   0.42429734473843325E-05
   144  -0.11309847354710812E-02   0.10354766488431095E-04
   145  -0.34172518785214512E-04   0.31286757570166077E-06
   146  -0.10112334546862009E-04   0.92583798526720423E-07
   147  -0.48861352471794676E-02   0.44735165673444782E-04
   148  -0.24269267954818650E-04   0.22219804974877711E-06
   149  -0.23187733478046465E-03   0.21229602666665407E-05
   150  -0.14137547711950862E-02   0.12943676486962423E-04
   151  -0.45838288216766207E-03   0.41967389640879299E-05
   152  -0.56431659055455122E-02   0.51666183790765853E-04
   153  -0.39096016973082202E-02   0.35794481895936800E-04
   154  -0.43900914223514421E-03   0.40193620758620633E-05
   155  -0.40690090042719493E-06   0.37253940532636743E-08
   156  -0.71258413329303334E-03   0.65240865523592092E-05
   157   0.39937006866820168E-03  -0.36564452850952379E-05
   158  -0.16992340875174138E-03   0.15557391389633842E-05
   159  -0.10832231895176641E-04   0.99174841450331451E-07
   160  -0.29246359583983127E-03   0.26776596945200553E-05
   161  -0.26018453370454157E-01   0.23821277210162188E-03
   162  -0.15025449887158676E-04   0.13756598129535910E-06
   163  -0.15484351761595760E-03   0.14176747190957161E-05
   164  -0.15910363307814628E-05   0.14566783408433999E-07
   165  -0.19164783839255579E-04   0.17546378411030614E-06
   166  -0.12762310209627055E-04   0.11684573445508477E-06
   167  -0.71286354635904550E-05   0.65266447275154527E-07
   168  -0.13514309713558853E-03   0.12373068967898212E-05
   169  -0.17277283493577548E-05   0.15818271504425177E-07
   170  -0.46236051118203023E-04   0.42331562722350952E-06
   171  -0.35669460922442653E-02   0.32657287674733233E-04
   172  -0.10361926282063821E-01   0.94868943546277731E-04
   173  -0.44162471826756771E-04   0.40433090648876943E-06
   174  -0.37462093233783383E-01   0.34298537852687062E-03
   175  -0.13132467850660774E-04   0.12023472443576401E-06
   176  -0.20381838614829879E-04   0.18660656757099771E-06
   177  -0.19003947650237548E-02   0.17399124329880068E-04
   178  -0.16229921900941832E-03   0.14859356288281533E-05
   179  -0.35294316873947249E-02   0.32313823355555082E-04
   180  -0.82409877053653780E-05   0.75450623378702555E-07
   181  -0.63188661003594964E-04   0.57852578278726745E-06
   182  -0.43011471346772825E-03   0.39379288521888766E-05
   183  -0.26710879137604347E-05   0.24455229809568981E-07
   184  -0.16237053529884467E-03   0.14865885673698250E-05
   185  -0.16137926623959430E-01   0.14775129721705059E-03
   186  -0.27654627959393098E-03   0.25319282025913360E-05
   187  -0.11920787778081223E-05   0.10914114923819911E-07
   188  -0.32310370695825771E-03   0.29581862001927744E-05
   189   0.19428630369664556E-04  -0.17787943935788093E-06
   190  -0.26936690576482248E-02   0.24661972186071826E-04
   191  -0.27847225844662003E-01   0.25495615628443768E-03
   192  -0.13614379823940082E-03   0.12464688473712105E-05
   193  -0.47573878780968296E-04   0.43556415066969721E-06
   194  -0.32712508779488267E-04   0.29950040795313128E-06
   195  -0.30768274206879046E-03   0.28169990687942085E-05
   196  -0.35654445774910652E-05   0.32643540508957524E-07
   197  -0.13184035604573658E-04   0.12070685463642352E-06
   198  -0.97719314931748300E-04   0.89467227610834939E-06
   199  -0.22623807734768851E-04   0.20713298670217351E-06
   200  -0.20575837419108366E-02   0.18838272975456765E-04
   201   0.20055917255207324E-05  -0.18362258426278991E-07
   202  -0.14295735949631685E-02   0.13088506227897794E-04
   203  -0.37411599052041972E-04   0.34252307745015547E-06
   204  -0.34162437415202399E-03   0.31277527539991054E-05
   205  -0.30872458906766896E-01   0.28265377319182215E-03
   206  -0.21047064134271035E-05   0.19269706083754858E-07
   207  -0.94943874686723742E-04   0.86926164523201585E-06
   208  -0.23436469406645746E-01   0.21457333632181561E-03
   209  -0.15149298752922309E-03   0.13869988349988825E-05
   210  -0.15850426283870886E-04   0.14511907876741660E-06
   211  -0.51228026225918543E-04   0.46901981308497870E-06
   212  -0.71227802709762444E-04   0.65212839874131833E-06
   213  -0.90695121480251846E-03   0.83036205097563142E-05
   214   0.28199405534064770E-04  -0.25818054856079751E-06
   215  -0.32749279154979172E-03   0.29983706028800268E-05
   216  -0.12964842158120226E-04   0.11870002211018758E-06
   217  -0.19042267615039055E-03   0.17434208294757739E-05
   218  -0.21607091172082760E-01   0.19782440608092429E-03
   219  -0.42712351318563170E-03   0.39105428234744063E-05
   220  -0.41147382280748599E-04   0.37672615886357688E-06
   221  -0.22275096382435180E-05   0.20394034889546062E-07
   222  -0.32782102505066649E-01   0.30013757550705403E-03
   223  -0.13144851958881259E-03   0.12034810752995509E-05
   224  -0.35586894878459614E-02   0.32581694072228794E-04
   225  -0.57813278264305007E-04   0.52931129623798032E-06
   226  -0.17418093646790582E-02   0.15947190685205620E-04
   227  -0.13121015513059527E-02   0.12012987219692438E-04
   228   0.46706399671089087E-06  -0.42762191826401417E-08
   229  -0.31391765845921273E-02   0.28740830428505186E-04
   230  -0.38943334805650901E-02   0.35654693255019364E-04
   231   0.23336254225535959E-04  -0.21365581306403667E-06
   232   0.11954603249067177E-03  -0.10945074785149076E-05
   233  -0.11737579122436755E-01   0.10746377660145201E-03
   234  -0.26674162038602753E-04   0.24421613353540005E-06
   235  -0.49877460450965892E-02   0.45665466545009335E-04
   236  -0.11843572329294343E-03   0.10843420075656949E-05
   237  -0.76621495410799897E-03   0.70151052272403951E-05
   238  -0.38761393293772802E-05   0.35488116128824543E-07
   239  -0.12028606635697155E-01   0.11012828819653117E-03
   240  -0.73515066778160557E-03   0.67306951720458072E-05
   241  -0.27925036475851662E-03   0.25566855397736568E-05
   242  -0.16039973788167190E-03   0.14685448693332397E-05
   243  -0.62642353087435289E-02   0.57352404339574635E-04
   244  -0.60833853318635292E-05   0.55696626660797605E-07
   245  -0.76399772485278284E-04   0.69948053147225500E-06
   246  -0.76003268696631817E-05   0.69585032850448258E-07
   247  -0.47463846565991471E-04   0.43455674724809817E-06
   248  -0.11376940042444321E-02   0.10416193410720399E-04
   249   0.85716685000298553E-06  -0.78478181844850432E-08
   250  -0.71878547463024062E-05   0.65808631289547283E-07
   251  -0.35316662916419512E-05   0.32334282345361380E-07
   252  -0.29224098457415282E-03   0.26756215700418904E-05
   253  -0.12662925468504996E-04   0.11593581431685811E-06
   254  -0.28819407501157503E-01   0.26385699616460992E-03
   255  -0.10210697355222365E-03   0.93484362327250891E-06
   256  -0.57541720584333471E-05   0.52682504131688798E-07
   257  -0.21547703072645301E-03   0.19728067645966597E-05
   258  -0.38358751746225708E-04   0.35119476387488506E-06
   259  -0.79240592565776362E-04   0.72548974949848340E-06
   260  -0.50992831850573559E-05   0.46686648354859437E-07
   261  -0.37695168488140959E-02   0.34511930638408359E-04
   262  -0.31892710921974148E-03   0.29199472276036072E-05
   263   0.70923980944079160E-05  -0.64934674896384118E-07
   264  -0.66300603733773500E-01   0.60701727280100992E-03
   265  -0.90041063891162962E-06   0.82437380604836400E-08
   266  -0.10666052143571100E-03   0.97653377482681935E-06
   267  -0.91394033038618585E-06   0.83676095783615479E-08
   268  -0.36264262252886579E-03   0.33201859912588381E-05
   269  -0.13183509944988292E-02   0.12070204194347714E-04
   270  -0.23551070043621777E-01   0.21562256607540549E-03
   271  -0.38290802783235057E-04   0.35057265499681414E-06
   272  -0.31320373382454510E-04   0.28675466832954599E-06
   273  -0.83716984458955771E-04   0.76647349694514730E-06
   274  -0.58637289388404583E-05   0.53685555612612710E-07
   275  -0.16314717416827291E-06   0.14936991090832096E-08
   276  -0.93909485834811595E-07   0.85979126540825523E-09
   277  -0.10551412907107957E-05   0.96603794330267910E-08
   278   0.30217426979008166E-05  -0.27665660767607060E-07
   279  -0.15805006664354007E+00   0.14470323800552093E-02
   280  -0.42244904656869690E-04   0.38677455966345892E-06
   281  -0.10730305056580090E-04   0.98241647058338458E-07
   282  -0.40811182351850085E-03   0.37364806978952654E-05
   283  -0.74589158799577603E-02   0.68290340065149378E-04
   284  -0.29755188098364396E-03   0.27242456499607247E-05
   285  -0.40935201404971474E-06   0.37478353014978813E-08
   286  -0.84225568154873431E-03   0.77112985104603362E-05
   287   0.10513728385361101E-06  -0.96258772500460138E-09
   288  -0.34650167627661187E-05   0.31724070477395071E-07
   289  -0.11363423668131408E-03   0.10403818451502036E-05
   290  -0.27132442376256801E-02   0.24841193364995282E-04
   291  -0.38515049907949443E-03   0.35262575663408105E-05
   292  -0.60102907932811319E-04   0.55027407302779403E-06
   293  -0.33748229454815272E-04   0.30898298132825668E-06
   294  -0.96983536392358715E-04   0.88793583243795390E-06
   295  -0.38758211819862320E-04   0.35485203320331305E-06
   296  -0.11749744513717838E-03   0.10757515722579222E-05
   297  -0.18491306099880021E-04   0.16929773738334865E-06
   298  -0.15334322179372595E-03   0.14039387132810074E-05
   299  -0.49846515892136788E-05   0.45637135156378396E-07
   300  -0.49024940170208273E-03   0.44884938907718104E-05
   301  -0.27124028105764355E-04   0.24833489653054070E-06
   302   0.21092277909921466E-04  -0.19311101698941966E-06
   303   0.25848083889023366E-07  -0.23665294893014808E-09
   304  -0.18936806446924340E-05   0.17337652988998446E-07
   305  -0.22850192458371315E-04   0.20920565919361535E-06
   306  -0.23259735643917435E-05   0.21295524477179023E-07
   307  -0.16207391502860797E-03   0.14838728511114998E-05
   308  -0.23200192110314617E-04   0.21241009206811873E-06
   309  -0.12551992208718216E-04   0.11492016135102554E-06
   310  -0.42172457288175170E-04   0.38611126548980182E-06
   311  -0.17459731217652165E-02   0.15985312094796316E-04
   312  -0.31888904050901426E-03   0.29195986883194482E-05
   313  -0.20980427904665413E-07   0.19208697073147098E-09
   314  -0.33741200740802827E-04   0.30891862971498532E-06
   315  -0.61784988731398055E-04   0.56567441693852287E-06
   316  -0.11823170893883954E+00   0.10824741476991744E-02
   317  -0.14906091335008408E-03   0.13647319029902577E-05
   318  -0.21265436718558266E-04   0.19469637793427994E-06
   319  -0.14720869010917386E-04   0.13477738145717772E-06
   320  -0.15583368395109698E-05   0.14267402182695870E-07
   321  -0.20676709359681065E-04   0.18930626599436501E-06
   322  -0.32951245166146776E-06   0.30168616648603580E-08
   323  -0.12437396917904420E-05   0.11387098054439293E-07
   324  -0.38237152031513882E-02   0.35008145384389126E-04
   325  -0.28674943771099825E-02   0.26253435391853936E-04
   326  -0.23863193278677478E-05   0.21848022021807550E-07
   327  -0.38269664244284023E-05   0.35037912043540085E-07
   328  -0.64158506871640753E-03   0.58740523728246982E-05
   329   0.66873189943673061E-05  -0.61225960394134683E-07
   330  -0.23318423044649830E-05   0.21349255912390992E-07
   331  -0.34079367397040733E-05   0.31201472522334647E-07
   332  -0.13431884799470147E-03   0.12297604577314548E-05
   333  -0.60057155352456550E-04   0.54985518383242446E-06
   334  -0.74743742234995076E-06   0.68431869417980183E-08
   335  -0.23992446476806730E-03   0.21966360195837270E-05
   336  -0.78270529571372889E-07   0.71660830709605144E-09
   337  -0.15048764643669522E-06   0.13777944028541691E-08
   338  -0.31508331712084815E-03   0.28847552675657570E-05
   339  -0.73534725318436956E-02   0.67324950159135556E-04
   340   0.19768181043622871E-03  -0.18098820628422080E-05
   341  -0.12386073590864029E-01   0.11340108820168923E-03
   342  -0.11991064987191488E-03   0.10978457444719835E-05
   343  -0.33865936603401365E-02   0.31006065284706841E-04
   344  -0.52530381913036880E-02   0.48094357173710019E-04
   345  -0.29079646469642636E-04   0.26623962226498016E-06
   346  -0.53954585519722185E-03   0.49398291286761071E-05
   347  -0.45845251688825597E-03   0.41973765069730129E-05
   348  -0.17742325144224448E-03   0.16244041857359028E-05
   349  -0.87792946262881571E-04   0.80379109405474620E-06
   350  -0.59477551605899249E-03   0.54454860341344044E-05
   351  -0.37677745286762742E-03   0.34495978771323504E-05
   352  -0.27980815681037771E-03   0.25617924225325284E-05
   353  -0.67880240109568786E-03   0.62147968356129205E-05
   354   0.13270587980777602E-04  -0.12149928765209758E-06
   355  -0.58064140202188398E-02   0.53160807063833142E-04
   356  -0.22441901005720785E-04   0.20546753389552492E-06
   357  -0.14649888141158987E-08   0.13412751386087650E-10
   358  -0.27298326707262803E-02   0.24993069288496699E-04
   359  -0.10629313822673540E-03   0.97317018624652948E-06
   360   0.15033983707125128E-04  -0.13764411295375864E-06
   361  -0.10106391510210635E-03   0.92529386866839322E-06
   362  -0.36873776666073795E-02   0.33759902759847311E-04
   363  -0.32141225213246725E-06   0.29427000320797319E-08
   364  -0.40462575584707058E-06   0.37045638951583182E-08
   365  -0.24097457402349853E+00   0.22062503280587229E-02
   366  -0.82898395429321670E-04   0.75897887921423517E-06
   367  -0.13921892353701296E+00   0.12746232542175397E-02
   368  -0.16135968353402801E-02   0.14773336820908161E-04
   369  -0.25536041771692551E-04   0.23379603746337187E-06
   370  -0.14193216481713445E-01   0.12994644205050119E-03
   371  -0.35165201689507826E-01   0.32195611540395254E-03
   372   0.31749618773811687E-04  -0.29068463807567831E-06
   373  -0.11306311140343533E-03   0.10351528896191535E-05
   374  -0.40250447367594910E-04   0.36851424292011441E-06
   375  -0.12339204723799998E-02   0.11297197880807464E-04
   376  -0.91274286671251916E-03   0.83566461618535151E-05
   377  -0.11905496602554189E-02   0.10900115039741007E-04
   378   0.10704550877386947E-03  -0.98005853856819128E-06
   379   0.21633139541574770E-03  -0.19806289275102227E-05
   380  -0.21433372287791032E-02   0.19623391734570510E-04
   381  -0.82048171998183844E-03   0.75119463172060495E-05
   382  -0.53228226709664181E-03   0.48733271182680494E-05
   383  -0.13488820259339034E+01   0.12349732017532226E-01
   384  -0.23961338904074467E-03   0.21937879559312116E-05
   385  -0.19150369133506949E-04   0.17533180981627259E-06
   386  -0.12752541121926039E-02   0.11675629326390292E-04
   387  -0.21457777590122367E-03   0.19645736086248721E-05
   388  -0.99844809683401095E-03   0.91413231047970910E-05
   389  -0.35452010603185193E-02   0.32458200347722766E-04
   390  -0.12088715364018481E-02   0.11067861555830995E-04
   391  -0.99631724592499147E+01   0.91218140319576896E-01
   392  -0.14266094006493663E+00   0.13061367453179519E-02
   393  -0.55097573234216416E-02   0.50444757300982178E-04
   394  -0.60093025203091129E-03   0.55018359138351420E-05
   395  -0.15326648140482763E+00   0.14032361142252009E-02
   396  -0.41565005468828291E-04   0.38054972116030246E-06
   397  -0.76497399221042789E-01   0.70037435613687186E-03
   398   0.22859805273765465E-03  -0.20929366962875296E-05
   399  -0.48795045482533150E-05   0.44674458099874562E-07
   400  -0.33497975698442714E-02   0.30669177515294856E-04
   401  -0.11944294320657836E-02   0.10935636413164311E-04
   402  -0.54997631385535133E-05   0.50353255225573019E-07
   403  -0.20924127479052895E-01   0.19157151040549754E-03
   404  -0.89630072112183257E-04   0.82061095782722769E-06
   405  -0.28129453805346605E-02   0.25754010329781441E-04
   406  -0.24916624745197184E-01   0.22812494530168473E-03
   407  -0.46379096945283870E-02   0.42462528781406534E-04
   408   0.39461883988962638E-04  -0.36129452598585855E-06
   409   0.12324732048511790E-03  -0.11283947377208946E-05
   410  -0.69475328094363684E-03   0.63608356201609161E-05
   411  -0.26431437496346399E+01   0.24199386131788066E-01
   412  -0.83672427146283632E-03   0.76606555106082043E-05
   413  -0.65175450580253869E-01   0.59671589754543245E-03
   414  -0.17036207005164210E-01   0.15597553163577605E-03
   415  -0.79820811951887083E-03   0.73080196642485495E-05
   416  -0.44700962896419903E-03   0.40926107849515354E-05
   417  -0.47439424513373218E-02   0.43433315037353479E-04
   418  -0.85942272185331398E-03   0.78684718905036725E-05
   419  -0.74525951223218621E-02   0.68232470168857250E-04
   420   0.34968842357456257E-02  -0.32015834133375575E-04
   421  -0.43846790160019123E-02   0.40144067301237724E-04
   422  -0.91525616468439072E-03   0.83796567408634406E-05
   423  -0.15748985881044075E-04   0.14419033795348643E-06
   424  -0.11226919938362165E+00   0.10278842030315267E-02
   425  -0.23628089619870704E-02   0.21632772123982368E-04
   426  -0.34604012419927627E-02   0.31681812931089026E-04
   427  -0.38518038277454793E-04   0.35265311674552955E-06
   428  -0.54769822993073645E-03   0.50144684531905695E-05
   429  -0.11445409035514540E-03   0.10478880413710304E-05
   430  -0.73851562890893171E-02   0.67615031799908446E-04
   431  -0.13637226303366637E+00   0.12485605640153452E-02
   432  -0.46300804974707341E-04   0.42390848320316894E-06
   433  -0.59856716209377766E-02   0.54802005692343252E-04
   434  -0.72744641557201292E-04   0.66601586474612529E-06
   435  -0.26733311364002059E-03   0.24475767705340597E-05
   436  -0.27732060002257211E-01   0.25390175177468244E-03
   437   0.35237362273454292E-04  -0.32261678391078545E-06
   438  -0.67474600665920023E-04   0.61776583881542951E-06
   439  -0.12666482018911665E+00   0.11596837642650502E-02
   440   0.10592977322311228E-03  -0.96984338647233253E-06
   441  -0.13692091197943061E-01   0.12535837367773952E-03
   442  -0.11663530738773999E-03   0.10678582428465596E-05
   443  -0.45645960076612206E-03   0.41791303004341321E-05
   444  -0.19932155863968144E-03   0.18248948293403386E-05
   445  -0.10745986570556683E-02   0.98385219655138405E-05
   446  -0.27843560674591274E-03   0.25492259970402373E-05
   447  -0.26395720452462775E-03   0.24166685279382846E-05
   448  -0.59739717770784621E-03   0.54694887402135880E-05
   449  -0.44530027151542514E-01   0.40769607088079861E-03
   450  -0.10718860217779136E-04   0.98136863475001882E-07
   451  -0.19732694438563277E-03   0.18066330755010460E-05
   452  -0.20375300853414319E-02   0.18654671088974286E-04
   453  -0.36231544426286408E-05   0.33171905003045534E-07
   454   0.18224490783009131E-02  -0.16685490131749843E-04
   455  -0.75533404936831191E-02   0.69154847600239272E-04
   456  -0.11081606809675649E-04   0.10145800136109200E-06
   457   0.19338273184375159E-04  -0.17705217129238055E-06
   458  -0.78559629368358409E-02   0.71925516942385369E-04
   459  -0.23780536898718803E-03   0.21772345711915127E-05
   460  -0.36358196348828398E-05   0.33287861570990454E-07
   461  -0.15894272720015759E-03   0.14552051619923212E-05
   462   0.25382898197971228E-03  -0.23239392663432730E-05
   463  -0.31384831549983580E-02   0.28734481711944784E-04
   464  -0.23189293190019000E-03   0.21231030665891059E-05
   465  -0.18578121161205517E-01   0.17009257542095478E-03
   466  -0.13080341939176610E-01   0.11975748400582106E-03
   467  -0.54722848226934086E-03   0.50101676636310963E-05
   468  -0.34955596179320680E-04   0.32003706553121279E-06
   469   0.14853732046783059E-02  -0.13599381318095341E-04
   470  -0.65461067423165794E-05   0.59933087157714129E-07
   471  -0.84837021011830698E-02   0.77672802700182091E-04
   472  -0.10685444249079738E-04   0.97830922517520395E-07
   473  -0.10820986480582532E-02   0.99071883701623116E-05
   474  -0.94430320396295814E-04   0.86455978269600375E-06
   475  -0.21898891418412530E-03   0.20049599245804096E-05
   476  -0.31123156714467772E-01   0.28494904489310014E-03
   477  -0.46465750696408565E-02   0.42541864897103011E-04
   478   0.27821865485140021E-03  -0.25472396871136367E-05
   479  -0.15362559766786597E-03   0.14065240145206996E-05
   480  -0.82773975254627728E-02   0.75783974637273939E-04
   481  -0.44212826182210285E-02   0.40479192738148680E-04
   482  -0.26898064188301060E-03   0.24626607674300486E-05
   483  -0.61188903062081687E-03   0.56021693575483548E-05
   484  -0.67726853773549521E-03   0.62007535011435659E-05
   485  -0.48546556935531573E-01   0.44446953625361992E-03
   486  -0.45438680824627615E-03   0.41601527830116441E-05
   487  -0.85187708909820344E-03   0.77993876113475235E-05
   488  -0.66185037886027097E-04   0.60595920602970803E-06
   489  -0.69874476782275552E-03   0.63973798044267589E-05
   490  -0.60522025018874663E-03   0.55411131275472096E-05
   491  -0.26200447301589467E-01   0.23987902328973610E-03
   492  -0.16179949530547995E-04   0.14813603926638382E-06
   493  -0.21500835903000829E-03   0.19685158260682983E-05
   494  -0.15916807945429631E-03   0.14572683816769582E-05
   495  -0.24115155455227111E-02   0.22078706788830653E-04
   496  -0.83293402035984089E-03   0.76259537468503678E-05
   497  -0.55723410984912886E-04   0.51017745031484802E-06
   498  -0.68127245238101576E-02   0.62374114682174587E-04
   499   0.10503848531811222E-03  -0.96168317189048455E-06
   500  -0.50300126712840493E-04   0.46052439976832587E-06
   501   0.11697708445527499E-02  -0.10709873935896521E-04
   502  -0.78376755479871939E-05   0.71758086175840143E-07
   503   0.43268732419950237E-04  -0.39614824710465680E-06
   504  -0.18882388588893945E-02   0.17287830547100444E-04
   505  -0.29546292829164002E-02   0.27051201775713290E-04
   506  -0.34346646634900702E-02   0.31446180873247366E-04
   507  -0.52057001080861041E-04   0.47660951856772799E-06
   508  -0.32129940941275710E-02   0.29416668969932256E-04
   509  -0.62872605361670940E-03   0.57563212536923759E-05
   510  -0.10687092632168270E-02   0.97846014340981756E-05
   511  -0.60379819371010732E-03   0.55280934445153806E-05
   512  -0.22263277912325812E+01   0.20383214451887188E-01
   513  -0.92318780829048186E-03   0.84522751545649496E-05
   514   0.80078744839460092E-03  -0.73316347912855457E-05
   515  -0.34054748708480130E-02   0.31178932804219858E-04
   516  -0.47398409972343480E-03   0.43395764044694310E-05
   517  -0.39048871207707236E+00   0.35751317441451674E-02
   518  -0.23011478039717415E-01   0.21068231443078272E-03
   519  -0.97005763432886274E-02   0.88813933280995134E-04
   520  -0.10762601090599799E-02   0.98537334418466466E-05
   521  -0.15737503271025968E-02   0.14408520855457753E-04
   522  -0.27481590539806821E-01   0.25160857069556167E-03
   523  -0.38808519353880105E+00   0.35531262542089588E-02
   524  -0.25324005863395387E-03   0.23185473600392733E-05
   525  -0.72324508088951521E-03   0.66216931949996947E-05
   526  -0.31267049857734393E-03   0.28626646311377278E-05
   527  -0.19137076978201543E-02   0.17521011306829825E-04
   528  -0.24677918163825549E-02   0.22593945965202616E-04
   529  -0.41969950832931933E-03   0.38425721123895444E-05
   530  -0.29506901754379092E-02   0.27015137152705254E-04
   531  -0.22100562636351583E-04   0.20234239966735364E-06
   532   0.26124276083283181E-03  -0.23918163529327270E-05
   533  -0.19503552798848277E-03   0.17856539402606688E-05
   534  -0.28424884460137731E-01   0.26024492799433185E-03
   535  -0.11926381902295577E-03   0.10919236641923628E-05
   536  -0.13568589376688510E-03   0.12422764885018101E-05
   537  -0.80708579346939646E-01   0.73892994886661900E-03
   538  -0.26594054692781980E-02   0.24348270819908320E-04
   539  -0.72124466710416922E-03   0.66033783433683256E-05
   540  -0.76819201977918275E-03   0.70332063144746752E-05
   541  -0.45244952133392861E-03   0.41424158914610278E-05
   542  -0.15742672672867382E-02   0.14413253717650663E-04
   543   0.10877574244766787E-05  -0.99589974764970932E-08
   544  -0.83839110690592938E-03   0.76759162751849068E-05
   545  -0.13531818770796818E-02   0.12389099440586793E-04
   546  -0.29418352342268518E-03   0.26934065458602245E-05
   547  -0.16483360943827211E-05   0.15091393204945708E-07
   548  -0.33740525261707044E+00   0.30891244534477650E-02
   549  -0.14950031385487560E-03   0.13687548481983730E-05
   550  -0.23308890552884713E-04   0.21340528409429641E-06
   551   0.24668349155395909E-04  -0.22585185029293654E-06
   552  -0.23063983403308624E-04   0.21116302894648366E-06
   553   0.16209459952660152E-02  -0.14840622286865777E-04
   554  -0.20386784669133701E-03   0.18665185132748789E-05
   555  -0.72016125994870187E-03   0.65934591749172266E-05
   556  -0.66362542916408496E-03   0.60758435894510586E-05
   557  -0.62523038913519973E-04   0.57243165870574561E-06
   558  -0.92684391028623279E-03   0.84857487119318566E-05
   559  -0.10700565182805706E-02   0.97969362704119560E-05
   560  -0.51513400414543908E-03   0.47163256548769816E-05
   561  -0.13465338622974843E-02   0.12328233331149322E-04
   562  -0.53523298497358079E-04   0.49003425090427227E-06
   563  -0.41557987826105157E-03   0.38048547091057026E-05
   564  -0.15178783534736405E-03   0.13896983235160298E-05
   565  -0.40243364525870779E-03   0.36844939573886810E-05
   566  -0.10949357010014773E-03   0.10024718414076960E-05
   567   0.33421490628841779E-03  -0.30599151368103822E-05
   568  -0.97649049622211478E-02   0.89402895984627077E-04
   569  -0.87000267299029807E-03   0.79653369674994722E-05
   570  -0.32304400412716921E-04   0.29576395890359384E-06
   571  -0.29310214187654480E-03   0.26835059229393340E-05
   572  -0.17182906020748734E-02   0.15731863910913001E-04
   573  -0.39331138675027593E-03   0.36009748313214568E-05
   574  -0.59205995522376991E-03   0.54206236310868981E-05
   575  -0.45311102083279859E-04   0.41484722710284847E-06
   576  -0.34857847838772078E-04   0.31914212751015203E-06
   577   0.21948550118843480E-02  -0.20095064425921425E-04
   578  -0.27603167621700567E-04   0.25272167351107425E-06
   579   0.31766707694556196E-04  -0.29084109622962061E-06
   580  -0.21226666866500693E-03   0.19434141932851240E-05
   581  -0.12318261573051245E-02   0.11278023312952220E-04
   582  -0.28134606805249329E-01   0.25758728175127551E-03
   583  -0.88030192889287698E-05   0.80596321304057871E-07
   584  -0.31634146541619792E-02   0.28962742840454430E-04
   585  -0.30631303838083231E-02   0.28044587033919804E-04
   586  -0.50554128578176054E-03   0.46284992187369730E-05
   587  -0.10653951288684590E-03   0.97542587723341811E-06
   588  -0.53543952565989919E-04   0.49022334988236733E-06
   589  -0.33226208695210026E-02   0.30420360376612337E-04
   590  -0.22071073255393449E-02   0.20207240870803031E-04
   591  -0.91395727043137170E-03   0.83677646734806072E-05
   592  -0.12337062835814842E-03   0.11295236868493586E-05
   593  -0.10062362118948719E-01   0.92126274383667729E-04
   594   0.63425208297420213E-03  -0.58069149901155452E-05
   595  -0.20980430921208862E-03   0.19208699834952989E-05
   596  -0.31822042230767269E-03   0.29134771332465384E-05
   597  -0.23524141501035443E-02   0.21537602095272610E-04
   598  -0.12863644480119976E-03   0.11777350357107789E-05
   599  -0.47858771355204788E-04   0.43817249363665882E-06
   600  -0.12998628168511802E-02   0.11900935099607635E-04
   601  -0.70946404670222405E-03   0.64955205009720890E-05
   602  -0.23032441149378519E-03   0.21087424284378796E-05
   603  -0.53219738381096152E-03   0.48725499666634129E-05
   604  -0.24680131161762568E-02   0.22595972082457650E-04
   605  -0.12479430255220550E-02   0.11425581809258203E-04
   606  -0.48006425324381561E-03   0.43952434421780621E-05
   607  -0.20303730626095366E-01   0.18589144741167033E-03
   608  -0.15118456918611507E-01   0.13841751011115262E-03
   609  -0.90913214976286172E-03   0.83235881287104323E-05
   610  -0.46334040245974144E-03   0.42421276977959573E-05
   611  -0.57121775195241998E-03   0.52298021803540989E-05
   612  -0.51862126274214838E-03   0.47482533611679586E-05
   613  -0.97283480562765259E-03   0.89068198076933011E-05
   614  -0.24853087713134104E-03   0.22754322999665267E-05
   615  -0.49355719596141370E-02   0.45187785056502587E-04
   616  -0.49223607384799879E-02   0.45066829303890986E-04
   617  -0.19935740867103890E-03   0.18252230554354103E-05
   618  -0.80743504976596454E-02   0.73924971157270629E-04
   619  -0.22357520419586741E-02   0.20469498477247150E-04
   620  -0.46040908177895086E-03   0.42152898986636347E-05
   621  -0.13831747987462090E-02   0.12663700582779339E-04
   622  -0.41229584156498911E-03   0.37747876073485764E-05
   623  -0.18339826158956509E-02   0.16791085799696065E-04
   624  -0.69428639874355219E-03   0.63565610654230328E-05
   625  -0.13923842535876775E-02   0.12748018037629372E-04
   626  -0.41173957901218699E-03   0.37696947279666765E-05
   627  -0.19924476771822548E-02   0.18241917676321038E-04
   628  -0.10612508345758696E-03   0.97163155549650906E-06
   629  -0.35195863722542250E-04   0.32223684261642001E-06
   630  -0.16756229157812847E-02   0.15341218560613273E-04
   631  -0.56942431077851442E-01   0.52133822730077856E-03
   632  -0.10947355071009054E-03   0.10022885532493489E-05
   633   0.92239913662382455E-04  -0.84450544461962586E-06
   634  -0.15731140653020163E-01   0.14402695540434579E-03
   635   0.12626745857312400E-03  -0.11560457074318997E-05
   636  -0.40940754122551250E-02   0.37483436823107383E-04
   637  -0.22407027257212398E-02   0.20514824618893162E-04
   638  -0.32145413792947800E-03   0.29430835188179920E-05
   639  -0.37373918519340450E-03   0.34217809214217832E-05
   640  -0.12865190764439988E-03   0.11778766062603741E-05
   641  -0.10732426926770301E-01   0.98261073907922981E-04
   642  -0.94019588781528519E-04   0.86079931641653611E-06
   643  -0.47463745100415908E-02   0.43455581827681442E-04
   644  -0.63136479544524519E-03   0.57804803378964286E-05
   645  -0.22897257098201790E-02   0.20963656099098020E-04
   646  -0.64047460372539475E-02   0.58638854755051464E-04
   647  -0.58791111214431348E-04   0.53826387671558914E-06
   648  -0.20328912163451873E-03   0.18612199777275698E-05
   649  -0.83621003696459620E-03   0.76559474204080703E-05
   650  -0.40665981849925871E-04   0.37231868200534750E-06
   651  -0.68178936742034063E-04   0.62421441001962074E-06
   652  -0.18340473800953420E-03   0.16791678750373099E-05
   653  -0.10789436502086960E-01   0.98783026876424147E-04
   654  -0.13314927339382109E-03   0.12190523805107024E-05
   655  -0.16658504169410259E-02   0.15251746138638283E-04
   656   0.13740656944620367E-03  -0.12580301890628041E-05
   657  -0.17747199046063592E-01   0.16248504173590984E-03
   658  -0.25567716007285848E-04   0.23408603192835600E-06
   659  -0.74757432704090302E-03   0.68444403770226686E-05
   660  -0.12481723724022161E-02   0.11427681601867631E-04
   661   0.30851188295718474E-04  -0.28245902944014725E-06
   662   0.19729052320549927E-03  -0.18062996202353052E-05
   663  -0.23887620994188031E-02   0.21870386893942826E-04
   664  -0.54952107884257604E-04   0.50311576040109190E-06
   665  -0.70468845020844304E-04   0.64517973763487709E-06
   666  -0.20703644589843980E-04   0.18955287234536317E-06
   667  -0.51997589779255956E-05   0.47606557651829068E-07
   668  -0.36562858916360126E-03   0.33475241031494941E-05
   669  -0.68010472533623112E+00   0.62267203063549300E-02
   670   0.43703033778455156E-03  -0.40012450691779538E-05
   671   0.12332576623329657E-03  -0.11291129502474872E-05
   672  -0.42613290305301386E-01   0.39014732610986955E-03
   673  -0.24136497914812615E-03   0.22098246945153327E-05
   674  -0.31406160682611589E-04   0.28754009666729406E-06
   675  -0.12442171324074742E-02   0.11391469277097221E-04
   676  -0.53723479442437877E-02   0.49186701387332457E-04
   677   0.80268042310471530E-04  -0.73489659810682048E-06
   678  -0.25559960170537222E-02   0.23401502311989409E-04
   679   0.60205382653901135E-03  -0.55121228357526896E-05
   680  -0.44087185123952268E-03   0.40364161670193614E-05
   681  -0.55941018649860138E-04   0.51216976416838830E-06
   682  -0.17597288208726189E-03   0.16111252832699329E-05
   683  -0.84661675823959873E-03   0.77512264859278677E-05
   684  -0.58272569055689517E-03   0.53351634759359603E-05
   685  -0.23483602163208738E-02   0.21500486176407771E-04
   686  -0.81923084373792619E-02   0.75004938802231201E-04
   687  -0.10058833739734045E-03   0.92093970196259435E-06
   688  -0.14410963570592231E-04   0.13194003240425281E-06
   689  -0.20389970880383435E-03   0.18668102278527953E-05
   690   0.51410791956461767E-05  -0.47069313050696345E-07
   691  -0.57967900444808976E-04   0.53072694449815222E-06
   692   0.16628556810129858E-02  -0.15224327739205638E-04
   693  -0.73962723083916232E-03   0.67716804865933369E-05
   694   0.37194407004367258E-04  -0.34053456879368882E-06
   695   0.37813369662778698E-04  -0.34620150097402405E-06
   696  -0.77198839151454895E-04   0.70679641158756140E-06
   697  -0.52277430127137259E-03   0.47862766366719044E-05
   698   0.16021500361987706E-02  -0.14668535289611689E-04
   699  -0.72823264226771871E-03   0.66673569708211284E-05
   700  -0.95886010624259303E-03   0.87788740058270722E-05
   701  -0.14757978771723891E-03   0.13511714104503178E-05
   702  -0.80077424901310045E-04   0.73315139439310746E-06
   703  -0.55846307945017131E-03   0.51130263731702933E-05
   704  -0.69637897233091901E-03   0.63757196890343560E-05
   705   0.19885550948774886E-02  -0.18206279016011387E-04
   706  -0.66184425174923608E-01   0.60595359633383637E-03
   707  -0.18160967063402056E-02   0.16627330789507804E-04
   708  -0.47474685727161541E-03   0.43465598553074380E-05
   709  -0.22313480087325695E-03   0.20429177211863661E-05
   710  -0.14513709228347784E-02   0.13288072352093342E-04
   711  -0.14931549878440272E-01   0.13670627679798964E-03
   712  -0.28764674030314335E-02   0.26335588214254815E-04
   713  -0.14570304483564609E-02   0.13339888316866667E-04
   714  -0.99715445553819171E-04   0.91294791310299119E-06
   715  -0.12770775225813276E-01   0.11692323617829999E-03
   716  -0.32640732300035527E-03   0.29884325612712965E-05
   717  -0.52416396905768749E-01   0.47989997840075684E-03
   718   0.13622134374065267E-02  -0.12471788176586138E-04
   719  -0.78395045809241665E-05   0.71774831944698031E-07
   720  -0.46073665668641917E-03   0.42182890210814022E-05
   721   0.11386409754391491E-03  -0.10424863435421024E-05
   722  -0.10928722072712936E-02   0.10005826032017096E-04
   723  -0.22063116221915533E-04   0.20199955783655493E-06
   724  -0.23766922634020364E-03   0.21759881128844931E-05
   725   0.16260078477674838E-03  -0.14886966237414107E-05
   726   0.10466175695452974E-03  -0.95823402345185381E-06
   727  -0.38599035598681534E-03   0.35339469027980188E-05
   728  -0.30311847177153461E-02   0.27752107478417769E-04
   729   0.15592815465757375E-04  -0.14276051478083192E-06
   730  -0.20756732178676564E-03   0.19003891744266174E-05
   731  -0.14893336370850323E-04   0.13635641182157774E-06
   732   0.21125228911795683E-04  -0.19341270092843873E-06
   733  -0.56394402618774129E-02   0.51632073542420014E-04
   734  -0.22143613070492595E-02   0.20273654927766652E-04
   735  -0.94979489874147185E-01   0.86958772120602796E-03
   736  -0.57920654338362561E-04   0.53029438127745028E-06
   737  -0.50881623953065006E-04   0.46584831612842061E-06
   738  -0.30479388977676581E-03   0.27905500903373728E-05
   739   0.20520042619758008E-03  -0.18787189870581686E-05
   740   0.40318788784214800E-03  -0.36913994491979062E-05
   741  -0.62374394725566454E-01   0.57107074214529348E-03
   742  -0.18711759177167828E-03   0.17131610249949715E-05
   743  -0.73689227026919142E-02   0.67466404686612475E-04
   744   0.93593508840830267E-04  -0.85689832805395025E-06
   745   0.85460823897608867E-04  -0.78243927403677920E-06
   746  -0.13540012910824407E-03   0.12396601611385220E-05
   747  -0.40526370463193716E-04   0.37104046554194371E-06
   748  -0.69577782617071145E-03   0.63702158763663858E-05
   749  -0.70409789058623355E-03   0.64463904890640115E-05
   750  -0.33049304717740466E-01   0.30258395380965510E-03
   751   0.70345517680000592E-03  -0.64405061026823417E-05
   752  -0.18790109057319608E-02   0.17203343730333985E-04
   753  -0.47079363724506407E-03   0.43103660244196335E-05
   754  -0.55289425376813927E-02   0.50620408136452999E-04
   755  -0.24185373543103739E+00   0.22142995181098279E-02
   756  -0.32325485052786957E-04   0.29595699999209880E-06
   757  -0.92006612193142804E-05   0.84236944564491089E-07
   758  -0.70875671177088193E-04   0.64890444736540830E-06
   759  -0.48867690563347225E-03   0.44740968533196164E-05
   760  -0.26913889669624572E-03   0.24641096743739938E-05
   761  -0.68714742750982660E-04   0.62911999886777621E-06
   762  -0.75332900740229358E-03   0.68971275349381463E-05
   763  -0.67779401726523482E-03   0.62055645455849728E-05
   764  -0.10267776035908492E-03   0.94006947992146167E-06
   765  -0.20300732017754556E-02   0.18586399355824019E-04
   766  -0.14063480951742224E-04   0.12875864430578159E-06
   767   0.27106005961077540E-05  -0.24816989421530171E-07
   768  -0.12742696881608939E-02   0.11666616401056944E-04
   769  -0.34230123752545237E-03   0.31339497980056304E-05
   770  -0.23727387467275913E-02   0.21723684581987959E-04
   771   0.13040967333014693E-02  -0.11939698855473898E-04
   772  -0.24189124735870477E-02   0.22146429597490862E-04
   773  -0.11034448336029329E-02   0.10102624046526073E-04
   774  -0.47950261069340123E-04   0.43901013060579977E-06
   775  -0.10158006426676162E-03   0.93001948865740033E-06
   776  -0.50814414936623550E-03   0.46523298185436561E-05
   777   0.23098493342598640E-03  -0.21147898578628064E-05
   778  -0.71224087985868097E-02   0.65209438846930616E-04
   779  -0.48927051815856042E-03   0.44795316915531633E-05
   780  -0.18180412618972936E-03   0.16645134229365053E-05
   781  -0.51852409907184576E-02   0.47473637761138128E-04
   782  -0.36555544756402143E-04   0.33468544529230263E-06
   783  -0.27723195854365557E-02   0.25382059578852426E-04
   784   0.51096862761829847E-05  -0.46781894184431916E-07
   785  -0.30016423773230681E-04   0.27481631647321454E-06
   786  -0.30527942023637469E-04   0.27949953798046763E-06
   787  -0.71338635188847939E-03   0.65314312900625530E-05
   788  -0.10640043669877156E-03   0.97415256079824003E-06
   789  -0.96080325507727944E-02   0.87966645663929173E-04
   790  -0.49325534234376392E-02   0.45160148753143024E-04
   791  -0.17640915429077156E-01   0.16151195872167977E-03
   792  -0.17439159572046871E-04   0.15966477659649246E-06
   793  -0.13187822282481516E-02   0.12074152368568034E-04
   794  -0.83776443450522199E-04   0.76701787562153283E-06
   795  -0.24846244937979322E-03   0.22748058075246893E-05
   796  -0.93924242540285914E-04   0.85992637089158567E-06
   797  -0.25261866287526840E-01   0.23128581515324852E-03
   798  -0.14547618832138473E-06   0.13319118397009371E-08
   799  -0.57335212651157320E-03   0.52493435140836597E-05
   800  -0.58870580333885633E-02   0.53899145875023758E-04
   801  -0.92279537594702751E-04   0.84486822278423051E-06
   802  -0.54525347938562243E-04   0.49920854623126456E-06
   803  -0.38846556728015081E-03   0.35566087780189437E-05
   804  -0.41841376927563621E-03   0.38308004878499793E-05
   805   0.47515367231427750E-04  -0.43502844632872197E-06
   806  -0.31739119203039917E-04   0.29058850892365650E-06
   807  -0.11260570663495820E-02   0.10309651058058709E-04
   808  -0.23221778342249268E-04   0.21260772549679213E-06
   809  -0.13259140519262399E-03   0.12139448005641782E-05
   810  -0.28629023727156223E-03   0.26211393150498976E-05
   811  -0.15848664805920869E-06   0.14510295150037675E-08
   812  -0.94152397598860698E-04   0.86201525174081493E-06
   813  -0.36287993293746386E-01   0.33223586942045447E-03
   814  -0.59477700687491091E-03   0.54454996833466597E-05
   815   0.41150732134493707E-04  -0.37675682855540657E-06
   816  -0.55858734711776697E-03   0.51141641097282309E-05
   817  -0.50916391212261681E-04   0.46616662886875516E-06
   818  -0.79133031480609040E-03   0.72450497058395107E-05
   819  -0.98967116296516384E-03   0.90609656093809770E-05
   820  -0.58745951293431433E-04   0.53785041363167289E-06
   821  -0.94730440395995776E-04   0.86730754083803267E-06
   822  -0.39434964958836276E-03   0.36104806795480704E-05
   823   0.38779325089882574E-04  -0.35504533641423200E-06
   824  -0.75811385615948590E-03   0.69409353689515283E-05
   825  -0.11966108389122616E-02   0.10955608352486848E-04
   826  -0.47721820653734019E-03   0.43691863716125203E-05
   827  -0.15985442416496551E-02   0.14635522323662332E-04
   828  -0.16767569283384709E-03   0.15351601048419108E-05
   829  -0.20554134826512574E-02   0.18818403098218377E-04
   830  -0.26611596464577347E-02   0.24364331244513317E-04
   831  -0.39812769737456552E-04   0.36450707154533462E-06
   832  -0.66829033996725225E-03   0.61185533277359327E-05
   833  -0.15683848481343411E-02   0.14359397043197161E-04
   834  -0.96026811640224341E-04   0.87917650873414876E-06
   835  -0.46690574262461424E-04   0.42747702823518884E-06
   836  -0.29486921403683791E-04   0.26996844079481716E-06
   837  -0.69001090035115198E-02   0.63174166047716459E-04
   838  -0.72652583104430776E-02   0.66517302067243587E-04
   839  -0.68811620756199820E-03   0.63000696850620444E-05
   840  -0.15664531243025082E-03   0.14341711084606008E-05
   841  -0.40551962409424462E-03   0.37127477341444871E-05
   842  -0.36677666457365888E-03   0.33580353438492237E-05
   843  -0.26803998759239384E-02   0.24540485773445475E-04
   844  -0.35732178263062422E-04   0.32714708734145024E-06
   845   0.56731513127940324E-03  -0.51940716134466856E-05
   846  -0.29772206829523237E-04   0.27258038052704494E-06
   847  -0.47929869703538136E-03   0.43882343681176570E-05
   848  -0.36454710887361435E-04   0.33376225761761961E-06
   849  -0.42670801442641543E-04   0.39067387114532783E-06
   850  -0.49023794834650736E-03   0.44883890292128772E-05
   851  -0.79294670435492811E-04   0.72598486114371031E-06
   852  -0.38560555396323420E-02   0.35304238357101159E-04
   853   0.10930262434710929E-02  -0.10007236315312407E-04
   854  -0.27971824507582285E-02   0.25609692328053060E-04
   855  -0.71854899916902262E-04   0.65786980703961461E-06
   856   0.35026237692866634E-03  -0.32068382614098620E-05
   857  -0.23739998994926685E-05   0.21735231105985186E-07
   858  -0.26809145298295001E-03   0.24545197703542596E-05
   859   0.29797027550778400E-04  -0.27280762742491274E-06
   860  -0.66090398131395255E-04   0.60509272876524972E-06
   861  -0.25993502010507040E-04   0.23798432913708127E-06
   862  -0.17201150305170033E-03   0.15748567523172841E-05
   863  -0.11953954047522343E-01   0.10944480406623013E-03
   864  -0.51241619664677196E-02   0.46914426824313074E-04
   865  -0.85225670641551784E-04   0.78028632096933476E-06
   866  -0.26540997636351530E-03   0.24299694264215724E-05
   867   0.40447993600499614E-04  -0.37032288369858203E-06
   868  -0.15771048579960424E-02   0.14439233369066869E-04
   869  -0.37073920357826886E-03   0.33943144949351541E-05
   870  -0.16344067098437809E-02   0.14963862284585222E-04
   871  -0.14960021237048577E-02   0.13696694722151626E-04
   872  -0.10109707977171273E-02   0.92559750884908677E-05
   873  -0.26139061172974180E-03   0.23931700064919593E-05
   874  -0.97166774778814548E-04   0.88961347727608403E-06
   875   0.11988351515883862E-02  -0.10975973117488680E-04
   876   0.14844884888302115E-02  -0.13591281274188191E-04
   877   0.50833788516385330E-04  -0.46541035727614323E-06
   878   0.33443994491703181E-05  -0.30619754850866162E-07
   879  -0.36969156573688877E-03   0.33847228135696081E-05
   880  -0.24601951614186099E-02   0.22524394550601012E-04
   881  -0.24114756425080530E-02   0.22078341455518883E-04
   882  -0.98573658449346208E-01   0.90249424518377313E-03
   883  -0.12415393241510310E-01   0.11366952518977834E-03
   884  -0.70268997157630988E-04   0.64335002420737985E-06
   885  -0.35464196928347079E-02   0.32469357576237510E-04
   886  -0.14208371118178110E-02   0.13008519080358962E-04
   887  -0.20009298013063840E-01   0.18319576031802434E-03
   888  -0.13132295547314397E-01   0.12023314690703092E-03
   889  -0.74187678374649341E-04   0.67922763393296536E-06
   890  -0.27670410155787383E-03   0.25333731465699066E-05
   891   0.25052179680625342E-04  -0.22936602279697761E-06
   892  -0.35715541396914467E-03   0.32699476798765309E-05
   893  -0.94797936291115257E-04   0.86792550163889064E-06
   894  -0.42772786793072521E-03   0.39160760124427012E-05
   895  -0.36023407690751776E-01   0.32981344757046483E-03
   896   0.70113507882373172E-04  -0.64192643723378609E-06
   897   0.37069200847511633E-05  -0.33938823986767208E-07
   898   0.36922383110353022E-04  -0.33804404543519461E-06
   899  -0.55726843481821635E-04   0.51020887664877431E-06
   900  -0.11935663627805468E-02   0.10927734555047506E-04
   901  -0.12667715057112104E-02   0.11597966554671719E-04
   902  -0.28901815344541516E-03   0.26461148377907026E-05
   903  -0.98610334729344699E-04   0.90283003602438996E-06
   904  -0.10233668330392577E-02   0.93694673816379894E-05
   905  -0.14250151183798636E-02   0.13046770951476539E-04
   906  -0.54781049383094222E-04   0.50154962888768112E-06
   907  -0.19816353793773093E-03   0.18142925342063800E-05
   908  -0.32170210393258071E-04   0.29453537793959380E-06
   909   0.72140077149549842E-06  -0.66048075620565513E-08
   910  -0.35188956338758418E-02   0.32217360184589111E-04
   911  -0.40333696087232069E-03   0.36927642920368490E-05
   912  -0.65125354747861883E-03   0.59625724356877505E-05
   913  -0.11669558653113500E-02   0.10684101304489311E-04
   914  -0.59177730686594740E-03   0.54180358351142395E-05
   915  -0.11056546428191209E-03   0.10122856024642099E-05
   916  -0.13223755053097077E-03   0.12107050730264448E-05
   917  -0.13348120251570828E-04   0.12220913680761891E-06
   918  -0.20846930817449094E-03   0.19086473393051636E-05
   919  -0.82457599957341213E-04   0.75494316233993607E-06
   920  -0.19385258504434643E-02   0.17748234687507533E-04
   921   0.65772060244833671E-05  -0.60217817618431422E-07
   922  -0.19777566634384860E-04   0.18107413635705762E-06
   923   0.16094067978629441E-04  -0.14734974800365491E-06
   924  -0.87970175057996685E-02   0.80541371788943355E-04
   925  -0.40538448013910822E-03   0.37115104193922438E-05
   926  -0.22820589313864858E-03   0.20893462666853009E-05
   927   0.44139146803796989E-04  -0.40411735350391396E-06
   928   0.24073308407352128E-03  -0.22040393591898321E-05
   929   0.12989354625340445E-03  -0.11892444677849662E-05
   930  -0.31928399180324599E-03   0.29232146773755427E-05
   931   0.25410253088619706E-03  -0.23264437520016367E-05
   932  -0.28089533162658834E-01   0.25717460859206334E-03
   933  -0.21955786208401249E-03   0.20101689450584458E-05
   934   0.78959223411550372E-05  -0.72291366531477956E-07
   935  -0.92116051212024863E-03   0.84337141804091733E-05
   936  -0.36783774501814685E-02   0.33677500993923542E-04
   937  -0.31652274782258588E-03   0.28979340208462465E-05
   938  -0.68317921023105808E-04   0.62548688499733211E-06
   939  -0.21658797749643272E-03   0.19829780728587694E-05
   940   0.16428931630415588E-03  -0.15041560275037222E-05
   941  -0.50367777228398009E-04   0.46114377620149077E-06
   942  -0.45227352780210134E-03   0.41408045771184103E-05
   943  -0.29352190258408455E-03   0.26873490553630288E-05
   944  -0.15134965232023208E-05   0.13856865249631028E-07
   945  -0.75107234656564433E-03   0.68764666053303234E-05
   946  -0.51434082694924045E-04   0.47090636959901856E-06
   947  -0.96166281219999409E-04   0.88045342687947538E-06
   948  -0.21212565655273369E-02   0.19421231524347612E-04
   949   0.83606359561457728E-04  -0.76546066719999450E-06
   950  -0.91599258769791325E-03   0.83863990850371278E-05
   951  -0.11126672610969515E-03   0.10187060272906505E-05
   952  -0.27766340472972027E-03   0.25421560770768718E-05
   953  -0.26469436036913324E-03   0.24234175815691961E-05
   954  -0.45217465268371465E-03   0.41398993228472437E-05
   955   0.26793805882675324E-05  -0.24531153653094420E-07
   956  -0.20846162452459031E-02   0.19085769914056697E-04
   957   0.10557917718515214E-03  -0.96663349336680427E-06
   958  -0.20102071848267618E-03   0.18404515409818988E-05
   959  -0.23218686527578065E-02   0.21257941828985847E-04
   960  -0.27081722167125759E-04   0.24794756317232869E-06
   961  -0.15546673317430089E-03   0.14233805888357828E-05
   962   0.29129992437690881E-04  -0.26670056636654352E-06
   963  -0.60005322115598914E-02   0.54938062299427412E-04
   964  -0.16489131052784098E-02   0.15096676046436623E-04
   965  -0.61108726037035707E-03   0.55948287246817012E-05
   966  -0.49086637713026317E-04   0.44941426288029630E-06
   967  -0.36441732196226956E-02   0.33364343080076868E-04
   968  -0.20559812915071519E-02   0.18823601690143143E-04
   969  -0.14810495912597922E-03   0.13559796338801779E-05
   970  -0.44267828655569465E-03   0.40529550426458526E-05
   971  -0.10007384405486034E-02   0.91622924190584123E-05
   972  -0.84099651509281627E-03   0.76997701721793907E-05
   973  -0.95347617822111850E-03   0.87295812826766852E-05
   974   0.22330317790355650E-04  -0.20444593024085399E-06
   975  -0.21101023063765222E-02   0.19319108352181169E-04
   976  -0.25219922144681129E-03   0.23090179422785217E-05
   977  -0.58452738694743736E-04   0.53516589641790820E-06
   978  -0.90857343153597796E-04   0.83184727663268702E-06
   979  -0.37518303332849216E-02   0.34350001186529128E-04
   980  -0.15630331047640248E-03   0.14310398987637595E-05
   981  -0.27437983640668214E-04   0.25120932635237717E-06
   982  -0.41285084735157002E-03   0.37798689803676205E-05
   983  -0.26071132464890170E-02   0.23869507721556290E-04
   984  -0.89494256018145734E-03   0.81936748928603330E-05
   985  -0.45172936977134132E-04   0.41358225210706099E-06
   986   0.88120997089183574E-05  -0.80679457376243572E-07
   987   0.65147508622796568E-04  -0.59646007407087467E-06
   988  -0.47137805664632462E-03   0.43157166947174435E-05
   989   0.78236687546116165E-04  -0.71629846536429454E-06
   990   0.81341536628287095E-03  -0.74472500925952080E-05
   991  -0.37409654108910709E-03   0.34250527046185060E-05
   992  -0.50761022607952020E-04   0.46474414670184078E-06
   993   0.64541317830537433E-04  -0.59091007511472971E-06
   994  -0.11397399826896693E-03   0.10434925431035396E-05
   995  -0.17423675791327449E-03   0.15952301435277754E-05
   996  -0.42140337899210196E-03   0.38581719540905507E-05
   997  -0.13752190204087642E-03   0.12590861202782185E-05
   998  -0.78080043553131802E-04   0.71486430633606248E-06
   999  -0.28326520080032287E-03   0.25934434980363954E-05
  1000  -0.36595402944054368E-03   0.33505036818900203E-05
  1001   0.45413435316677738E-04  -0.41578414225528845E-06
  1002  -0.29585524875398847E-03   0.27087120799629730E-05
  1003   0.10710901500010227E-02  -0.98063997182947072E-05
  1004  -0.23123954095299073E-03   0.21171209251227270E-05
  1005  -0.93178412587264614E-04   0.85309790118602733E-06
  1006  -0.54315047331678014E-03   0.49728313237874741E-05
  1007  -0.27382849733368882E-03   0.25070454612168594E-05
  1008  -0.73608081941665255E-03   0.67392112047363209E-05
  1009  -0.54410436849523057E-04   0.49815647412399919E-06
  1010  -0.85523349791831582E-04   0.78301173183735851E-06
  1011  -0.17661780205656445E-03   0.16170298684304679E-05
  1012  -0.16353762568134146E-03   0.14972739002506566E-05
  1013  -0.31164282938585735E-03   0.28532557733773568E-05
  1014  -0.24087529082042350E-04   0.22053413375552947E-06
  1015  -0.26494578164014849E-03   0.24257194769617126E-05
  1016  -0.18601639657831056E-03   0.17030789976007149E-05
  1017  -0.19116173288381208E-04   0.17501872867552305E-06
  1018  -0.46007827269976549E-03   0.42122611656845017E-05
  1019  -0.72030620723659416E-04   0.65947862443923334E-06
  1020  -0.47913464677891182E-03   0.43867324008100240E-05
  1021  -0.31432065281128451E-03   0.28777726703768547E-05
  1022  -0.12417691724452064E-03   0.11369056902299116E-05
  1023   0.42433463486124492E-04  -0.38850091598377842E-06
  1024  -0.15681267813131086E-02   0.14357034304259610E-04
  1025  -0.10156553408470780E-03   0.92988645711640518E-06
  1026  -0.15593371628229311E-03   0.14276560674392028E-05
  1027  -0.10144979857726177E-01   0.92882683702036158E-04
  1028  -0.18877957728463714E-03   0.17283773858830575E-05
  1029  -0.51065933169050330E-03   0.46753576498014975E-05
  1030  -0.80648912097202805E-03   0.73838366347597259E-05
  1031  -0.52223407814416329E-04   0.47813306067579178E-06
  1032  -0.23675936369093958E-02   0.21676578366445130E-04
  1033  -0.41478160530539307E-03   0.37975460958321291E-05
  1034  -0.26847904592054229E-04   0.24580683897435933E-06
  1035  -0.14380751523200774E-02   0.13166342504956058E-04
  1036  -0.33333030740884616E-03   0.30518161638122394E-05
  1037  -0.40696614608920251E-03   0.37259914119841615E-05
  1038   0.25375793957243842E-03  -0.23232888353383042E-05
  1039  -0.10670499048073333E-03   0.97694091257388905E-06
  1040   0.25149459946675150E-04  -0.23025667534717197E-06
  1041  -0.23372120988679161E-04   0.21398419234750157E-06
  1042  -0.66430899250693873E-04   0.60821019752393995E-06
  1043  -0.91485497595961271E-04   0.83759836448148564E-06
  1044  -0.51287965348703515E-03   0.46956858761790931E-05
  1045  -0.37720530855692440E-03   0.34535151234173517E-05
  1046  -0.31672187298203427E-04   0.28997571175365838E-06
  1047  -0.68171746072692285E-03   0.62414857561921340E-05
  1048  -0.10627607277265542E-02   0.97301394294237579E-05
  1049  -0.98356316347780206E-03   0.90050436270416267E-05
  1050  -0.52689962354580863E-05   0.48240461551292127E-07
  1051  -0.64773684444850526E-04   0.59303751499562011E-06
  1052   0.21790471112618040E-04  -0.19950334692190240E-06
  1053  -0.13694584776432743E-03   0.12538120371440705E-05
  1054  -0.35359893411810979E-03   0.32373862162039580E-05
  1055   0.92935863083372600E-03  -0.85087723153778447E-05
  1056  -0.20927048423231704E-03   0.19159825320223804E-05
  1057  -0.78165478757668717E-04   0.71564651105123271E-06
  1058  -0.76833464126369374E-06   0.70345120899834216E-08
  1059  -0.45765075027666120E-04   0.41900359074221032E-06
  1060  -0.21478768418783614E-03   0.19664954305767425E-05
  1061   0.34469874548926202E-04  -0.31559002579374020E-06
  1062  -0.18227363963803928E-02   0.16688120681506712E-04
  1063  -0.27485901491057968E-03   0.25164803974598177E-05
  1064  -0.40906932527462887E-03   0.37452471354836903E-05
  1065  -0.25148925054015764E-02   0.23025177812052460E-04
  1066  -0.17073448921786744E-03   0.15631650118038031E-05
  1067  -0.37497369574534801E-03   0.34330835217946825E-05
  1068   0.12537097005750809E-04  -0.11478378784952019E-06
  1069  -0.44434244102666542E-04   0.40681912614975626E-06
  1070   0.31618957719937543E-04  -0.28948836666761589E-06
  1071  -0.12824546146481587E-04   0.11741553754181608E-06
  1072  -0.78488071694427853E-03   0.71860002087872547E-05
  1073  -0.70738400540374931E-03   0.64764766171277791E-05
  1074  -0.14440893827117292E-03   0.13221405981376224E-05
  1075  -0.10862115086389809E-03   0.99448437951890419E-06
  1076  -0.30347107025680215E-03   0.27784389744169118E-05
  1077  -0.43781060087622201E-04   0.40083887925726147E-06
  1078  -0.67618393007457607E-04   0.61908233414268620E-06
  1079  -0.22218153388116881E-04   0.20341900551139410E-06
  1080  -0.19779635142631917E-04   0.18109307464968520E-06
  1081  -0.13701310055303012E-02   0.12544277721764465E-04
  1082   0.50930885288005781E-04  -0.46629932983729057E-06
  1083  -0.37702660064218113E-04   0.34518789574561634E-06
  1084  -0.30472961199099022E-03   0.27899615930383158E-05
  1085  -0.16828842263845822E-03   0.15407699719322986E-05
  1086  -0.10396048608949834E-04   0.95181351588460033E-07
  1087  -0.19492036582323712E-02   0.17845995694172602E-04
  1088  -0.32662577413486145E-04   0.29904325975370397E-06
  1089  -0.34192444851306325E-04   0.31305000942949340E-06
  1090  -0.14091066083834813E-04   0.12901120085443591E-06
  1091  -0.47127053727977225E-04   0.43147322977590087E-06
  1092  -0.11554991450705159E-02   0.10579208940254434E-04
  1093  -0.43446077628224585E-04   0.39777193676370262E-06
  1094  -0.12929473629412895E-02   0.11837620442784614E-04
  1095  -0.15069199598673484E-03   0.13796653316176725E-05
  1096  -0.41611900074894764E-01   0.38097906620816735E-03
  1097  -0.26123070477153529E-04   0.23917059732825156E-06
  1098  -0.11679724853139895E-03   0.10693409001052002E-05
  1099  -0.18733287968254701E-03   0.17151321002667339E-05
  1100  -0.10694073919956220E-02   0.97909931741955909E-05
  1101  -0.23944766657649813E-04   0.21922706786724293E-06
  1102  -0.65903376163981681E-03   0.60338044323208744E-05
  1103  -0.32405965682331825E-03   0.29669384293934861E-05
  1104  -0.25149817780042261E-04   0.23025995150187325E-06
  1105   0.10811370113676044E-02  -0.98983840750502035E-05
  1106  -0.30794480739227422E-04   0.28193984161454872E-06
  1107  -0.47404427052308849E-04   0.43401273001272546E-06
  1108  -0.18502592262916231E-04   0.16940106820570640E-06
  1109  -0.61874945542259789E-04   0.56649801936329763E-06
  1110  -0.20332596285381654E-04   0.18615572786751543E-06
  1111  -0.12824101396236848E-01   0.11741146561689482E-03
  1112  -0.69603621554887619E-03   0.63725815684841249E-05
  1113  -0.25983814860395773E-03   0.23789563812809185E-05
  1114  -0.72114228274843841E-03   0.66024409601637510E-05
  1115   0.12769467588937864E-05  -0.11691126406756154E-07
  1116   0.52266230490910504E-03  -0.47852512504377116E-05
  1117  -0.33438194300958854E-04   0.30614444467899690E-06
  1118  -0.47356062599032097E-04   0.43356992773227490E-06
  1119  -0.28461178696469614E-03   0.26057722102208527E-05
  1120  -0.66063354838576688E-04   0.60484513304319259E-06
  1121  -0.69705125560204763E-03   0.63818747997695290E-05
  1122  -0.20219869482222431E-03   0.18512365405865461E-05
  1123   0.12928151087803232E-04  -0.11836409585634222E-06
  1124  -0.82592272233190077E-05   0.75617615861755573E-07
  1125  -0.86550945419789903E-04   0.79241991608452178E-06
  1126  -0.68569360881784661E-04   0.62778895056979016E-06
  1127  -0.27310802725219376E-04   0.25004491746165146E-06
  1128   0.17145287853447915E-04  -0.15697422478954993E-06
  1129   0.82974008941088933E-05  -0.75967116111085531E-07
  1130   0.12004673522117568E-03  -0.10990916781878841E-05
  1131  -0.27041491448500803E-03   0.24757922955653528E-05
  1132  -0.28947668426135482E-04   0.26503129311671152E-06
  1133   0.31822665842307656E-04  -0.29135342281982000E-06
  1134   0.49755363813067502E-05  -0.45553680582316056E-07
  1135   0.20252147242848789E-05  -0.18541917411615229E-07
  1136  -0.74973519599785672E-04   0.68642242810486019E-06
  1137  -0.17592848686490915E-03   0.16107188214086479E-05
  1138  -0.73916302314232147E-05   0.67674304183544250E-07
  1139  -0.50949931385543549E-05   0.46647370698521674E-07
  1140  -0.33569034857991772E-06   0.30734235953390236E-08
  1141  -0.91765466168069614E-04   0.84016162559134826E-06
  1142  -0.57143499189270091E-04   0.52317911274928350E-06
  1143  -0.77755889844806662E-04   0.71189650681517174E-06
  1144  -0.42424093033413722E-04   0.38841512450784795E-06
  1145   0.85934451162101528E-04  -0.78677558342501612E-06
  1146  -0.51626055548544892E-03   0.47266398312731579E-05
  1147  -0.50480368151464361E-03   0.46217460595586704E-05
  1148  -0.40389227717757996E-04   0.36978485080194659E-06
  1149  -0.45713765825669577E-03   0.41853382772179198E-05
  1150  -0.15354672591304518E-03   0.14058019016768318E-05
  1151  -0.22166843274836737E-04   0.20294923414768994E-06
  1152  -0.68408847393187293E-03   0.62631936425218452E-05
  1153   0.40470383787447934E-03  -0.37052787776279071E-05
  1154  -0.76445786945390099E-05   0.69990181831601650E-07
  1155  -0.21688632660740311E-04   0.19857096175730688E-06
  1156  -0.55749759462352718E-04   0.51041868463274667E-06
  1157  -0.37543681418913998E-03   0.34373236173428812E-05
  1158  -0.31911713901712126E-04   0.29216870514190826E-06
  1159  -0.49881942284969357E-04   0.45669569902295271E-06
  1160  -0.30619031767347798E-04   0.28033351300774210E-06
  1161  -0.25302477425850226E-04   0.23165763171361341E-06
  1162   0.60785522557597832E-02  -0.55652377279788711E-04
  1163  -0.28332161306659530E-04   0.25939599823230651E-06
  1164  -0.22949387552422760E-03   0.21011384301209355E-05
  1165   0.10107712189766545E-05  -0.92541478390251261E-08
  1166  -0.23446377460878806E-04   0.21466404982547338E-06
  1167  -0.11339535834465567E-03   0.10381947869895890E-05
  1168   0.10989585558242147E-03  -0.10061549788541933E-05
  1169  -0.10926224282704596E-04   0.10003539172481124E-06
  1170   0.52684873465513235E-04  -0.48235802402823703E-06
  1171   0.14265666549320108E-03  -0.13060976093413367E-05
  1172  -0.87577091821849290E-05   0.80181483189816709E-07
  1173  -0.20655643086114138E-03   0.18911339306095972E-05
  1174  -0.26565889416346471E-08   0.24322484012056279E-10
  1175  -0.15028900394204649E-03   0.13759757252166585E-05
  1176  -0.16045077929042532E-04   0.14690121805641578E-06
  1177  -0.18297367513980360E-04   0.16752212653104915E-06
  1178  -0.86029930806344039E-05   0.78764975032534820E-07
  1179  -0.23272998695354958E-02   0.21307667505838236E-04
  1180  -0.97403982987055726E-03   0.89178524452319320E-05
  1181  -0.67899899842138649E-04   0.62165967886414743E-06
  1182  -0.97983334773159715E-04   0.89708951811028416E-06
  1183   0.74291051073943330E-04  -0.68017406594826769E-06
  1184  -0.38056298167520121E-05   0.34842564057652136E-07
  1185  -0.62202015607989286E-03   0.56949251968657047E-05
  1186  -0.10533107744915978E-02   0.96436200839316104E-05
  1187  -0.63886630158928177E-04   0.58491606144703437E-06
  1188   0.44146019306911735E-04  -0.40418027492337465E-06
  1189  -0.70592193939860088E-03   0.64630906256115631E-05
  1190  -0.43150470567796846E-03   0.39506549697980420E-05
  1191  -0.32860395336954494E-03   0.30085438800371339E-05
  1192  -0.35230046519085309E-05   0.32254980429045839E-07
  1193   0.50766970174869090E-05  -0.46479859983871260E-07
  1194   0.29802007295148667E-04  -0.27285321963187100E-06
  1195  -0.79557620187187830E-04   0.72839230590542837E-06
  1196  -0.14424645595994068E-03   0.13206529862021618E-05
  1197  -0.28160479488693283E-03   0.25782415992220823E-05
  1198   0.40055545201698068E-05  -0.36672980998069841E-07
  1199  -0.25460201272541706E-03   0.23310167737658791E-05
  1200  -0.97740523457683553E-04   0.89486645143780852E-06
  1201  -0.64450699149084406E-04   0.59008041291283911E-06
  1202  -0.17470872522499256E-03   0.15995512551659246E-05
  1203  -0.30601619438755981E-03   0.28017409388303306E-05
  1204  -0.12740784510087499E-04   0.11664865523266769E-06
 Energy sum  -109.223586715807      Core energy   32.5173493570367     
 Energy check  -76.7062373587699     
