           1  -74.478846199930885       -74.478846199930928               11  0.281460017    
           2  -74.490936553435432       -74.490936553435461               17  0.301647991    
           3  -74.495942834292663       -74.495942834292663               22  0.321202010    
           4  -74.593241442021650       -74.593241442021736               31  0.341475010    
           5  -74.594712674594263       -74.594712674594376               35  0.361436009    
           6  -74.595707972822922       -74.595707972822865               39  0.381139010    
           7  -74.598586485036307       -74.598586485036293               46  0.401156008    
           8  -74.601964800230178       -74.601964800230220               56  0.420823008    
           9  -74.606975696984179       -74.606975696984051               61  0.440759003    
          10  -74.607203950726358       -74.607203950726316               59  0.460703015    
          11  -74.607646651631967       -74.607646651632194               62  0.480953991    
          12  -74.608608727254932       -74.608608727254875               65  0.501138985    
          13  -74.612700020234129       -74.612700020234229               73  0.521256030    
          14  -74.613434753602348       -74.613434753602377               76  0.541377008    
          15  -74.613668715019742       -74.613668715019685               78  0.561480999    
          16  -74.614577302418382       -74.614577302418496               81  0.581668973    
          17  -74.617359455534242       -74.617359455534157               88  0.603680015    
          18  -74.618505650065629       -74.618505650065543               92  0.625499010    
          19  -74.619125240053492       -74.619125240053407               97  0.646694005    
          20  -74.620332322174832       -74.620332322174704               99  0.667883992    
          21  -74.625413658947863       -74.625413658948048              109  0.688969016    
          22  -74.626655011241922       -74.626655011241922              114  0.709725022    
          23  -74.629548742772641       -74.629548742772897              124  0.731047988    
          24  -74.630756081255242       -74.630756081255129              129  0.752394974    
          25  -74.632320646784322       -74.632320646784308              134  0.774020016    
          26  -74.633209893121062       -74.633209893121148              136  0.796625018    
          27  -74.633960521928017       -74.633960521928117              140  0.818503022    
          28  -74.636877431606635       -74.636877431606393              148  0.840252995    
          29  -74.639344113210072       -74.639344113210129              152  0.862191975    
          30  -74.643203606556014       -74.643203606556028              152  0.884667993    
          31  -74.644737056922665       -74.644737056922622              160  0.907508016    
          32  -74.644871245044229       -74.644871245043987              161  0.929619014    
          33  -74.646541003484160       -74.646541003484387              167  0.951717973    
          34  -74.647641420233043       -74.647641420232958              171  0.974090993    
          35  -74.649613185945483       -74.649613185945697              175  0.996738970    
          36  -74.650570429853403       -74.650570429853062              178   1.01950991    
          37  -74.651467812641627       -74.651467812641684              182   1.04229999    
          38  -74.651434746774200       -74.651434746773987              184   1.06506991    
          39  -74.651608512115999       -74.651608512115686              186   1.08790588    
          40  -74.653325533355144       -74.653325533355229              190   1.11065698    
          41  -74.654430923224865       -74.654430923224837              194   1.13470995    
          42  -74.655470370826691       -74.655470370826521              198   1.15792990    
          43  -74.656533754076420       -74.656533754076492              201   1.18128991    
          44  -74.656565322053837       -74.656565322054078              203   1.20488894    
          45  -74.657110870852591       -74.657110870852406              206   1.22821295    
          46  -74.658696877134446       -74.658696877134147              209   1.25176895    
          47  -74.659663563487584       -74.659663563487626              213   1.27514791    
          48  -74.660469020497928       -74.660469020497771              216   1.29889095    
          49  -74.662187209762919       -74.662187209763161              220   1.32307589    
          50  -74.663840559231403       -74.663840559231389              215   1.34721887    
          51  -74.664042699599264       -74.664042699599264              217   1.37225091    
          52  -74.664486529301215       -74.664486529301300              220   1.39609790    
          53  -74.664904773806825       -74.664904773806725              221   1.42014396    
          54  -74.665231749192174       -74.665231749192060              226   1.44405198    
          55  -74.665871085474890       -74.665871085474848              227   1.46805298    
          56  -74.666827886188173       -74.666827886188003              228   1.49256098    
          57  -74.667810475893361       -74.667810475893276              229   1.51729786    
          58  -74.669139655532547       -74.669139655532760              231   1.54194391    
          59  -74.669151789056471       -74.669151789056500              232   1.56597698    
          60  -74.669808697709385       -74.669808697709612              230   1.59019291    
          61  -74.669928300787149       -74.669928300786935              231   1.61584592    
          62  -74.671546212788144       -74.671546212788215              235   1.64068496    
          63  -74.671327806553009       -74.671327806552696              235   1.66490591    
          64  -74.672795435300159       -74.672795435300245              239   1.68974996    
          65  -74.673817263846161       -74.673817263846232              242   1.71477795    
          66  -74.675271133666755       -74.675271133666371              244   1.73979092    
          67  -74.675842590835614       -74.675842590835956              245   1.76485991    
          68  -74.676088191528137       -74.676088191528237              247   1.78998601    
          69  -74.676865081245225       -74.676865081245182              250   1.81502795    
          70  -74.677088336952551       -74.677088336952778              249   1.84024799    
          71  -74.676689075428541       -74.676689075428584              250   1.86591792    
          72  -74.677281740801789       -74.677281740801718              251   1.89095700    
          73  -74.678191135017371       -74.678191135017215              255   1.91663992    
          74  -74.679189295024514       -74.679189295024372              256   1.94210589    
          75  -74.679171233550250       -74.679171233550292              257   1.96703804    
          76  -74.679210918790560       -74.679210918790673              259   1.99182999    
          77  -74.680060855157251       -74.680060855157393              262   2.01767302    
          78  -74.679796779092882       -74.679796779092783              263   2.04276991    
          79  -74.680070349644652       -74.680070349644751              266   2.06859112    
          80  -74.682961466727832       -74.682961466727676              267   2.09467411    
          81  -74.682559595520559       -74.682559595520715              267   2.12115812    
          82  -74.682818017141329       -74.682818017141415              267   2.14731693    
          83  -74.682895474207996       -74.682895474207925              267   2.17312813    
          84  -74.682855705377904       -74.682855705377946              268   2.19838810    
          85  -74.684691935056065       -74.684691935055980              269   2.22445393    
          86  -74.685305838279518       -74.685305838279277              270   2.25035906    
          87  -74.685118122408795       -74.685118122408980              270   2.27557111    
          88  -74.686716856135547       -74.686716856135575              272   2.30125523    
          89  -74.686544873716272       -74.686544873716386              273   2.32712007    
          90  -74.687075265971799       -74.687075265971785              269   2.35350108    
          91  -74.686518000328263       -74.686518000328221              269   2.38059306    
          92  -74.686985064852323       -74.686985064852564              270   2.40670013    
          93  -74.687139227937735       -74.687139227937791              271   2.43273997    
          94  -74.687478413813167       -74.687478413813338              272   2.45814705    
          95  -74.687993726836055       -74.687993726836069              273   2.48388314    
          96  -74.688257659829773       -74.688257659829503              274   2.51000810    
          97  -74.688576479870378       -74.688576479870036              276   2.53514004    
          98  -74.688575312619506       -74.688575312619548              277   2.56109810    
          99  -74.689013423236588       -74.689013423236517              278   2.58712912    
         100  -74.689031383117026       -74.689031383116927              275   2.61297798    
         101  -74.689076914808226       -74.689076914808155              276   2.64107108    
         102  -74.689166991404065       -74.689166991404235              277   2.66713500    
         103  -74.689645241928829       -74.689645241928943              279   2.69294715    
         104  -74.690053781333873       -74.690053781333773              280   2.71920204    
         105  -74.691055267732821       -74.691055267732850              282   2.74598503    
         106  -74.691341267465887       -74.691341267465774              283   2.77203798    
         107  -74.691387118768404       -74.691387118768631              283   2.79852414    
         108  -74.692607157492546       -74.692607157492603              285   2.82533002    
         109  -74.692595762067427       -74.692595762067398              285   2.85198212    
         110  -74.692667108093914       -74.692667108093957              285   2.87844801    
         111  -74.693033143628853       -74.693033143628739              286   2.90646505    
         112  -74.692958108513707       -74.692958108513750              286   2.93329620    
         113  -74.692931756289312       -74.692931756289283              286   2.95936298    
         114  -74.693070643578210       -74.693070643578039              286   2.98517704    
         115  -74.694402562828131       -74.694402562828202              287   3.01209021    
         116  -74.694912417639472       -74.694912417639628              288   3.03821206    
         117  -74.694796928616810       -74.694796928616853              288   3.06475711    
         118  -74.694786422829694       -74.694786422829623              288   3.09092903    
         119  -74.694639534270280       -74.694639534270181              288   3.11653209    
         120  -74.694621705288270       -74.694621705288256              287   3.14232802    
         121  -74.694572499586940       -74.694572499587139              287   3.17032504    
         122  -74.695050555071020       -74.695050555070992              287   3.19616508    
         123  -74.694795237929213       -74.694795237929284              289   3.22258091    
         124  -74.694796021752992       -74.694796021752893              289   3.24839497    
         125  -74.694988382350488       -74.694988382350331              290   3.27490306    
         126  -74.694880568314389       -74.694880568314360              290   3.30117512    
         127  -74.695093255020268       -74.695093255020268              290   3.32732391    
         128  -74.694829153697654       -74.694829153697739              291   3.35328102    
         129  -74.694838246549509       -74.694838246549409              291   3.37929606    
         130  -74.694818249539424       -74.694818249539551              291   3.40600491    
         131  -74.694862284119225       -74.694862284119154              291   3.43237209    
         132  -74.694914013026477       -74.694914013026576              291   3.45841908    
         133  -74.695305735484780       -74.695305735484482              293   3.48471498    
         134  -74.695218084937864       -74.695218084937935              295   3.51178694    
         135  -74.696145786249701       -74.696145786249701              296   3.53844905    
         136  -74.695914809714978       -74.695914809714864              296   3.56481695    
         137  -74.695993148412555       -74.695993148412569              296   3.59150696    
         138  -74.695945270900737       -74.695945270900609              297   3.61841393    
         139  -74.696065067629945       -74.696065067630130              298   3.64538717    
         140  -74.696180059294264       -74.696180059294093              298   3.67230415    
         141  -74.696517164139451       -74.696517164139607              299   3.69903302    
         142  -74.696292386750002       -74.696292386749704              299   3.72625017    
         143  -74.696290643646549       -74.696290643646392              299   3.75252700    
         144  -74.696176139021262       -74.696176139021333              299   3.77892709    
         145  -74.696243736313832       -74.696243736314031              299   3.80603004    
         146  -74.696598408146869       -74.696598408146954              300   3.83289719    
         147  -74.697002135777709       -74.697002135777709              300   3.85987711    
         148  -74.696574000070115       -74.696574000069660              301   3.88664913    
         149  -74.696474679114971       -74.696474679115425              301   3.91316605    
         150  -74.696691647311397       -74.696691647311368              301   3.94024301    
         151  -74.696698992574966       -74.696698992574596              301   3.96708012    
         152  -74.696637925468693       -74.696637925469062              301   3.99365807    
         153  -74.696762421473338       -74.696762421473025              301   4.02078819    
         154  -74.696671309212562       -74.696671309212604              301   4.04706621    
         155  -74.696691528141500       -74.696691528141542              301   4.07406902    
         156  -74.696643740108058       -74.696643740107831              301   4.10041714    
         157  -74.696773574674609       -74.696773574674623              301   4.12746286    
         158  -74.696604739263805       -74.696604739263677              302   4.15446091    
         159  -74.696564458096788       -74.696564458097015              302   4.18126011    
         160  -74.696653897690865       -74.696653897691291              302   4.20844698    
         161  -74.696735069928039       -74.696735069927840              302   4.23556614    
         162  -74.696835001155961       -74.696835001155947              302   4.26257277    
         163  -74.696796422033259       -74.696796422033316              302   4.28960705    
         164  -74.696762652012694       -74.696762652012666              302   4.31664896    
         165  -74.696687099555533       -74.696687099555405              302   4.34357119    
         166  -74.696680275046404       -74.696680275046148              302   4.37042379    
         167  -74.696885873058761       -74.696885873058761              303   4.39797211    
         168  -74.696656752430613       -74.696656752430769              303   4.42444706    
         169  -74.696680446571534       -74.696680446571690              303   4.45143318    
         170  -74.696674120482911       -74.696674120482484              303   4.47766304    
         171  -74.697091586725875       -74.697091586725861              304   4.50533009    
         172  -74.696313368705432       -74.696313368705532              304   4.52721024    
         173  -74.696763289592255       -74.696763289592113              304   4.55490398    
