 &FCI NORB= 15,NELEC= 10,MS2= 0,
  ORBSYM=1,1,1,1,1,1,2,2,3,3,4,5,5,6,7,
  ISYM=1,
 /
  0.5970464708662100E+01   1   1   1   1
 -0.6133916050278762E+00   2   1   1   1
  0.1022839909956609E+00   2   1   2   1
  0.1450031054630130E+01   2   2   1   1
 -0.2846993838191386E-01   2   2   2   1
  0.1016476072502584E+01   2   2   2   2
 -0.4804837577516146E+00   3   1   1   1
  0.7946574649264185E-01   3   1   2   1
 -0.2090495731358801E-01   3   1   2   2
  0.6255801969523979E-01   3   1   3   1
  0.5501314781491822E+00   3   2   1   1
 -0.2236111355873587E-01   3   2   2   1
  0.2245234325316134E+00   3   2   2   2
 -0.1642229344921478E-01   3   2   3   1
  0.1265789083493973E+00   3   2   3   2
  0.1051603185152272E+01   3   3   1   1
 -0.1841705255684563E-01   3   3   2   1
  0.7674988668923938E+00   3   3   2   2
 -0.1368013562010830E-01   3   3   3   1
  0.1245250431510801E+00   3   3   3   2
  0.6348808249523901E+00   3   3   3   3
  0.3764989429583791E-14   4   1   1   1
 -0.6367663619306197E-15   4   1   2   1
  0.1687857143005227E-15   4   1   2   2
 -0.4996792277896437E-15   4   1   3   1
  0.1368689834523886E-15   4   1   3   2
  0.5146233374338227E-16   4   1   3   3
  0.1339589267553235E-03   4   1   4   1
 -0.3984634307451190E-14   4   2   1   1
  0.1908884037844132E-15   4   2   2   1
 -0.1638134614935505E-14   4   2   2   2
  0.1228163892200845E-15   4   2   3   1
 -0.3537345113005519E-15   4   2   3   2
 -0.1436784718977790E-14   4   2   3   3
  0.1248006934958905E-02   4   2   4   1
  0.4784102475924575E-01   4   2   4   2
 -0.2243823804561230E-14   4   3   1   1
  0.1129057463951846E-15   4   3   2   1
 -0.6207192962751074E-15   4   3   2   2
  0.5530786332391679E-16   4   3   3   1
 -0.9055256544598933E-15   4   3   3   2
  0.2797675285881596E-14   4   3   3   3
  0.4084947803748004E-04   4   3   4   1
 -0.2807872580405583E-01   4   3   4   2
  0.3592734289603230E-01   4   3   4   3
  0.7611966314428538E+00   4   4   1   1
 -0.2205193526436250E-03   4   4   2   1
  0.7203002773114959E+00   4   4   2   2
 -0.2036760523975965E-03   4   4   3   1
  0.6243773503788047E-01   4   4   3   2
  0.6086572457324421E+00   4   4   3   3
  0.9171244229293294E-04   4   4   4   1
  0.5396619075509544E-02   4   4   4   2
 -0.4371540481755420E-02   4   4   4   3
  0.6878539851697842E+00   4   4   4   4
 -0.1179993022611375E-13   5   1   1   1
  0.2011519443579409E-14   5   1   2   1
 -0.5346268675161803E-15   5   1   2   2
  0.1556487626842005E-14   5   1   3   1
 -0.4230184182541646E-15   5   1   3   2
 -0.3869517553600765E-15   5   1   3   3
 -0.2816384549620549E-19   5   1   4   1
  0.1012204371968889E-17   5   1   4   2
 -0.8809142651444724E-18   5   1   4   3
 -0.6128870671077354E-03   5   1   4   4
  0.1339589267553238E-03   5   1   5   1
  0.1183346616631968E-13   5   2   1   1
 -0.6042529757804838E-15   5   2   2   1
  0.4329219274734619E-14   5   2   2   2
 -0.5267596255020823E-15   5   2   3   1
  0.1591175108339726E-14   5   2   3   2
  0.3837208328860697E-14   5   2   3   3
 -0.4201283418381330E-18   5   2   4   1
  0.3415236843329339E-16   5   2   4   2
 -0.1214306433183765E-15   5   2   4   3
 -0.3606400565500475E-01   5   2   4   4
  0.1248006934958910E-02   5   2   5   1
  0.4784102475924579E-01   5   2   5   2
  0.7475185561741678E-14   5   3   1   1
 -0.4621077182205297E-15   5   3   2   1
  0.1835771118452456E-14   5   3   2   2
 -0.3063752051536694E-15   5   3   3   1
  0.2007291902139663E-14   5   3   3   2
  0.1804112415015879E-15   5   3   3   3
 -0.1629691390517274E-17   5   3   4   1
 -0.1695150096681086E-15   5   3   4   2
  0.1387778780781446E-16   5   3   4   3
  0.2921370925929492E-01   5   3   4   4
  0.4084947803745457E-04   5   3   5   1
 -0.2807872580405721E-01   5   3   5   2
  0.3592734289603377E-01   5   3   5   3
  0.4198927607996779E-16   5   4   1   1
  0.1007630394053716E-16   5   4   2   1
  0.1058181320345852E-15   5   4   2   2
 -0.1543124623307884E-16   5   4   3   1
  0.1543632843076237E-16   5   4   3   2
  0.4336808689942018E-16   5   4   3   3
 -0.6128870671077221E-03   5   4   4   1
 -0.3606400565500639E-01   5   4   4   2
  0.2921370925929335E-01   5   4   4   3
 -0.6789274004104229E-15   5   4   4   4
 -0.9171244229293367E-04   5   4   5   1
 -0.5396619075509537E-02   5   4   5   2
  0.4371540481755243E-02   5   4   5   3
  0.4024997118460874E-01   5   4   5   4
  0.7611966314428541E+00   5   5   1   1
 -0.2205193526437083E-03   5   5   2   1
  0.7203002773114960E+00   5   5   2   2
 -0.2036760523975445E-03   5   5   3   1
  0.6243773503787919E-01   5   5   3   2
  0.6086572457324395E+00   5   5   3   3
 -0.9171244229292904E-04   5   5   4   1
 -0.5396619075510109E-02   5   5   4   2
  0.4371540481754282E-02   5   5   4   3
  0.6073540428005705E+00   5   5   4   4
  0.6128870671077108E-03   5   5   5   1
  0.3606400565500559E-01   5   5   5   2
 -0.2921370925929295E-01   5   5   5   3
  0.6383782391594650E-15   5   5   5   4
  0.6878539851697822E+00   5   5   5   5
 -0.4573311113207491E+00   6   1   1   1
  0.8818491447529422E-01   6   1   2   1
 -0.1930128402009963E-01   6   1   2   2
  0.6505035980862091E-01   6   1   3   1
 -0.1401568455863856E-01   6   1   3   2
 -0.1068402885729295E-01   6   1   3   3
 -0.5459122381970290E-15   6   1   4   1
  0.1734920940532636E-15   6   1   4   2
  0.4667617407492185E-16   6   1   4   3
  0.1827770374639636E-04   6   1   4   4
  0.1762270383702391E-14   6   1   5   1
 -0.4329292331326320E-15   6   1   5   2
 -0.2844285814903105E-15   6   1   5   3
 -0.4783618569618661E-16   6   1   5   4
  0.1827770374638686E-04   6   1   5   5
  0.9366216422532644E-01   6   1   6   1
  0.2551981836067231E+00   6   2   1   1
 -0.2588633169433854E-01   6   2   2   1
  0.3986605181426910E-01   6   2   2   2
 -0.1916695231306967E-01   6   2   3   1
  0.3942045444313746E-01   6   2   3   2
  0.1954012854427658E-01   6   2   3   3
  0.1324336013032099E-15   6   2   4   1
 -0.2013092383762460E-15   6   2   4   2
  0.5700735022928782E-15   6   2   4   3
 -0.9316818864498901E-02   6   2   4   4
 -0.4966730152156096E-15   6   2   5   1
  0.6327945979711647E-15   6   2   5   2
  0.1711304709051120E-14   6   2   5   3
 -0.7784571598445922E-16   6   2   5   4
 -0.9316818864499430E-02   6   2   5   5
 -0.2240576238563670E-01   6   2   6   1
  0.2016615363236696E-01   6   2   6   2
  0.3164196576061652E+00   6   3   1   1
 -0.1713089020188178E-01   6   3   2   1
  0.1545732779472191E+00   6   3   2   2
 -0.1273517441271340E-01   6   3   3   1
  0.4752901517066888E-01   6   3   3   2
  0.1013999713366690E+00   6   3   3   3
  0.9695477927451623E-16   6   3   4   1
  0.5789639601072594E-16   6   3   4   2
  0.3053113317719180E-15   6   3   4   3
  0.9351281235231704E-01   6   3   4   4
 -0.3128736419250044E-15   6   3   5   1
  0.1275455435711947E-14   6   3   5   2
  0.2893518757929314E-14   6   3   5   3
  0.1642783131750036E-14   6   3   5   4
  0.9351281235231941E-01   6   3   5   5
 -0.1420732991325699E-01   6   3   6   1
  0.8490557775883839E-02   6   3   6   2
  0.4199448557367136E-01   6   3   6   3
 -0.1993713705914825E-14   6   4   1   1
  0.1146847670473248E-15   6   4   2   1
 -0.4548058706987240E-15   6   4   2   2
  0.4811697711820141E-16   6   4   3   1
  0.4676739952334114E-15   6   4   3   2
 -0.1855069917122698E-14   6   4   3   3
 -0.1386162859769651E-03   6   4   4   1
 -0.1670668567965963E-01   6   4   4   2
  0.1521708401006155E-01   6   4   4   3
 -0.2271592085120895E-02   6   4   4   4
  0.1107156765356096E-16   6   4   5   1
  0.1135295199863884E-15   6   4   5   2
 -0.9056882847857661E-15   6   4   5   3
  0.1518037657604324E-01   6   4   5   4
  0.2271592085121420E-02   6   4   5   5
  0.2470930632412355E-15   6   4   6   1
 -0.3552564601001784E-14   6   4   6   2
  0.9684527485509520E-14   6   4   6   3
  0.1045774328408869E-01   6   4   6   4
  0.6415251571409279E-14   6   5   1   1
 -0.5717718033521231E-15   6   5   2   1
  0.2550585610772149E-14   6   5   2   2
 -0.9982791503160282E-16   6   5   3   1
  0.1901040089236083E-14   6   5   3   2
  0.1654579251386679E-13   6   5   3   3
 -0.1672043037879989E-16   6   5   4   1
  0.7483705495581194E-16   6   5   4   2
  0.1396452398161330E-15   6   5   4   3
  0.1518037657604154E-01   6   5   4   4
 -0.1386162859769798E-03   6   5   5   1
 -0.1670668567966023E-01   6   5   5   2
  0.1521708401007046E-01   6   5   5   3
  0.2271592085120977E-02   6   5   5   4
 -0.1518037657604135E-01   6   5   5   5
 -0.1623104862319424E-14   6   5   6   1
  0.2876171523169546E-14   6   5   6   2
 -0.5441480599444048E-13   6   5   6   3
 -0.2428612866367530E-14   6   5   6   4
  0.1045774328405408E-01   6   5   6   5
  0.7806428747262727E+00   6   6   1   1
 -0.3756483578699819E-01   6   6   2   1
  0.5124658996492335E+00   6   6   2   2
 -0.2810540370479810E-01   6   6   3   1
  0.4251489642681378E-01   6   6   3   2
  0.4671627353821911E+00   6   6   3   3
  0.3412526337898125E-15   6   6   4   1
 -0.4381911500317415E-14   6   6   4   2
  0.3619327060278010E-13   6   6   4   3
  0.4586284518785523E+00   6   6   4   4
 -0.7114534655849880E-15   6   6   5   1
 -0.6635317295611287E-15   6   6   5   2
  0.9936496070395151E-14   6   6   5   3
 -0.5564992910933597E-14   6   6   5   4
  0.4586284518785567E+00   6   6   5   5
 -0.3389508863260909E-01   6   6   6   1
  0.1209859025696340E-01   6   6   6   2
  0.4389865213722910E-01   6   6   6   3
 -0.1625366508051229E-12   6   6   6   4
 -0.5151434834260726E-13   6   6   6   5
  0.4106878415151787E+00   6   6   6   6
  0.1420251035578048E+01   7   7   1   1
 -0.1992403571271056E-01   7   7   2   1
  0.9923295508101614E+00   7   7   2   2
 -0.1490989145147443E-01   7   7   3   1
  0.2188217901268873E+00   7   7   3   2
  0.7574128757724322E+00   7   7   3   3
  0.2279339184438431E-02   7   7   4   1
  0.4468586824673478E-01   7   7   4   2
 -0.1531802009571878E-01   7   7   4   3
  0.7257771302854491E+00   7   7   4   4
 -0.1169567937086983E-02   7   7   5   1
 -0.2292908361294638E-01   7   7   5   2
  0.7859938216269013E-02   7   7   5   3
 -0.2679957126252824E-01   7   7   5   4
  0.6872994923694440E+00   7   7   5   5
 -0.5992385565122049E-02   7   7   6   1
  0.3879288918526780E-01   7   7   6   2
  0.1496593230359657E+00   7   7   6   3
 -0.1118030323748864E-01   7   7   6   4
  0.5736804896239622E-02   7   7   6   5
  0.5068314631560451E+00   7   7   6   6
  0.1044248039586480E+01   7   7   7   7
 -0.6591259799213658E+00   8   7   1   1
  0.2193512447847346E-01   8   7   2   1
 -0.2637217293875761E+00   8   7   2   2
  0.1661891598027684E-01   8   7   3   1
 -0.1456172781700139E+00   8   7   3   2
 -0.1495793247874031E+00   8   7   3   3
 -0.1410187308726337E-02   8   7   4   1
 -0.1991253420385176E-03   8   7   4   2
 -0.1715272216390114E-01   8   7   4   3
 -0.7374296012437127E-01   8   7   4   4
  0.7235912376858305E-03   8   7   5   1
  0.1021746202118917E-03   8   7   5   2
  0.8801355240858923E-02   8   7   5   3
 -0.6514305673855579E-02   8   7   5   4
 -0.8309591180174564E-01   8   7   5   5
  0.7026166027898684E-02   8   7   6   1
 -0.4430534334077207E-01   8   7   6   2
 -0.5761101029347726E-01   8   7   6   3
 -0.5389905661837710E-02   8   7   6   4
  0.2765652821240056E-02   8   7   6   5
 -0.5122473457265087E-01   8   7   6   6
 -0.2832732821957151E+00   8   7   7   7
  0.2017465208362138E+00   8   7   8   7
  0.1206587970782636E+01   8   8   1   1
 -0.2441388633380261E-01   8   8   2   1
  0.7976699495893991E+00   8   8   2   2
 -0.1881376515140768E-01   8   8   3   1
  0.1485786406317747E+00   8   8   3   2
  0.6549278669810875E+00   8   8   3   3
  0.1581897978944798E-02   8   8   4   1
  0.3101562150664124E-01   8   8   4   2
 -0.2233463567253161E-01   8   8   4   3
  0.6270439218254599E+00   8   8   4   4
 -0.8116989206995615E-03   8   8   5   1
 -0.1591464610034161E-01   8   8   5   2
  0.1146028372935901E-01   8   8   5   3
 -0.2287048006263481E-01   8   8   5   4
  0.5942074991008287E+00   8   8   5   5
 -0.8205208938631969E-02   8   8   6   1
  0.2958025663907538E-01   8   8   6   2
  0.1087650079846521E+00   8   8   6   3
 -0.8992747909070342E-02   8   8   6   4
  0.4614332826178957E-02   8   8   6   5
  0.4753461137032140E+00   8   8   6   6
  0.8387805699484199E+00   8   8   7   7
 -0.1901579262292459E+00   8   8   8   7
  0.7314808394087968E+00   8   8   8   8
  0.1420251035578048E+01   9   9   1   1
 -0.1992403571271062E-01   9   9   2   1
  0.9923295508101614E+00   9   9   2   2
 -0.1490989145147457E-01   9   9   3   1
  0.2188217901268869E+00   9   9   3   2
  0.7574128757724305E+00   9   9   3   3
 -0.2152545137187832E-02   9   9   4   1
 -0.4220010301768252E-01   9   9   4   2
  0.1446591621532209E-01   9   9   4   3
  0.7201280113723254E+00   9   9   4   4
 -0.1389181669021916E-02   9   9   5   1
 -0.2723455528535862E-01   9   9   5   2
  0.9335825430441980E-02   9   9   5   3
  0.3006109158770416E-01   9   9   5   4
  0.6929486112825677E+00   9   9   5   5
 -0.5992385565121827E-02   9   9   6   1
  0.3879288918526891E-01   9   9   6   2
  0.1496593230359675E+00   9   9   6   3
  0.1055837039543928E-01   9   9   6   4
  0.6814024177561162E-02   9   9   6   5
  0.5068314631560504E+00   9   9   6   6
  0.9404493789187025E+00   9   9   7   7
 -0.2511706280373632E+00   9   9   8   7
  0.7696295537886184E+00   9   9   8   8
  0.1044248039586480E+01   9   9   9   9
 -0.6591259799213659E+00  10   9   1   1
  0.2193512447847339E-01  10   9   2   1
 -0.2637217293875763E+00  10   9   2   2
  0.1661891598027666E-01  10   9   3   1
 -0.1456172781700139E+00  10   9   3   2
 -0.1495793247874029E+00  10   9   3   3
  0.1331742048154410E-02  10   9   4   1
  0.1880484877488477E-03  10   9   4   2
  0.1619855830826783E-01  10   9   4   3
 -0.7511611968082689E-01  10   9   4   4
  0.8594624146089583E-03  10   9   5   1
  0.1213602946330556E-03  10   9   5   2
  0.1045401551756351E-01  10   9   5   3
  0.7307099713415081E-02  10   9   5   4
 -0.8172275224529038E-01  10   9   5   5
  0.7026166027899128E-02  10   9   6   1
 -0.4430534334077252E-01  10   9   6   2
 -0.5761101029347748E-01  10   9   6   3
  0.5090078432162665E-02  10   9   6   4
  0.3284968816532008E-02  10   9   6   5
 -0.5122473457265420E-01  10   9   6   6
 -0.2511706280373633E+00  10   9   7   7
  0.1585494384213569E+00  10   9   8   7
 -0.1784179179499655E+00  10   9   8   8
 -0.2832732821957152E+00  10   9   9   9
  0.2017465208362140E+00  10   9  10   9
  0.1206587970782637E+01  10  10   1   1
 -0.2441388633380263E-01  10  10   2   1
  0.7976699495893993E+00  10  10   2   2
 -0.1881376515140757E-01  10  10   3   1
  0.1485786406317741E+00  10  10   3   2
  0.6549278669810908E+00  10  10   3   3
 -0.1493900875022038E-02  10  10   4   1
 -0.2929029856845942E-01  10  10   4   2
  0.2109221468046588E-01  10  10   4   3
  0.6222230215129724E+00  10  10   4   4
 -0.9641143756121929E-03  10  10   5   1
 -0.1890299308874012E-01  10  10   5   2
  0.1361222001200624E-01  10  10   5   3
  0.2565382815578536E-01  10  10   5   4
  0.5990283994133158E+00  10  10   5   5
 -0.8205208938631525E-02  10  10   6   1
  0.2958025663907793E-01  10  10   6   2
  0.1087650079846414E+00  10  10   6   3
  0.8492503403521590E-02  10  10   6   4
  0.5480781725994310E-02  10  10   6   5
  0.4753461137032531E+00  10  10   6   6
  0.7696295537886189E+00  10  10   7   7
 -0.1784179179499656E+00  10  10   8   7
  0.6643186147674796E+00  10  10   8   8
  0.8387805699484203E+00  10  10   9   9
 -0.1901579262292463E+00  10  10  10   9
  0.7314808394087977E+00  10  10  10  10
  0.7611966314431073E+00  11  11   1   1
 -0.2205193537789807E-03  11  11   2   1
  0.7203002773120274E+00  11  11   2   2
 -0.2036760786744383E-03  11  11   3   1
  0.6243773504421585E-01  11  11   3   2
  0.6086572457325816E+00  11  11   3   3
  0.3067098445892963E-04  11  11   4   1
  0.1804767390267941E-02  11  11   4   2
 -0.1461954900886159E-02  11  11   4   3
  0.6457075988326575E+00  11  11   4   4
 -0.6189515289172524E-03  11  11   5   1
 -0.3642085688650319E-01  11  11   5   2
  0.2950277720376276E-01  11  11   5   3
  0.1900538678791766E-02  11  11   5   4
  0.6074482204373600E+00  11  11   5   5
  0.1827788950375941E-04  11  11   6   1
 -0.9316818908312860E-02  11  11   6   2
  0.9351281237507614E-01  11  11   6   3
 -0.7596784684280600E-03  11  11   6   4
  0.1533058549681776E-01  11  11   6   5
  0.4586284515493908E+00  11  11   6   6
  0.7230333800962779E+00  11  11   7   7
 -0.7440989719026153E-01  11  11   8   7
  0.6247024334716506E+00  11  11   8   8
  0.7230333800962780E+00  11  11   9   9
 -0.7440989719026156E-01  11  11  10   9
  0.6247024334716506E+00  11  11  10  10
  0.6878539851697821E+00  11  11  11  11
  0.1420251035578049E+01  12  12   1   1
 -0.1992403571271062E-01  12  12   2   1
  0.9923295508101616E+00  12  12   2   2
 -0.1490989145147449E-01  12  12   3   1
  0.2188217901268853E+00  12  12   3   2
  0.7574128757724337E+00  12  12   3   3
 -0.1267940472502527E-03  12  12   4   1
 -0.2485765229057070E-02  12  12   4   2
  0.8521038803953607E-03  12  12   4   3
  0.6737097923245645E+00  12  12   4   4
  0.2558749606107864E-02  12  12   5   1
  0.5016363889831768E-01  12  12   5   2
 -0.1719576364670647E-01  12  12   5   3
 -0.3261520325175835E-02  12  12   5   4
  0.7393668303303276E+00  12  12   5   5
 -0.5992385565122049E-02  12  12   6   1
  0.3879288918526969E-01  12  12   6   2
  0.1496593230359631E+00  12  12   6   3
  0.6219328420463688E-03  12  12   6   4
 -0.1255082907379390E-01  12  12   6   5
  0.5068314631560487E+00  12  12   6   6
  0.9404493789187027E+00  12  12   7   7
 -0.2511706280373634E+00  12  12   8   7
  0.7696295537886189E+00  12  12   8   8
  0.9404493789187027E+00  12  12   9   9
 -0.2511706280373633E+00  12  12  10   9
  0.7696295537886191E+00  12  12  10  10
  0.6735481737897797E+00  12  12  11  11
  0.1044248039586481E+01  12  12  12  12
 -0.6591259799213655E+00  13  12   1   1
  0.2193512447847342E-01  13  12   2   1
 -0.2637217293875759E+00  13  12   2   2
  0.1661891598027668E-01  13  12   3   1
 -0.1456172781700136E+00  13  12   3   2
 -0.1495793247874028E+00  13  12   3   3
  0.7844526057155489E-04  13  12   4   1
  0.1107685429267463E-04  13  12   4   2
  0.9541638556348798E-03  13  12   4   3
 -0.8639922808397787E-01  13  12   4   4
 -0.1583053652293664E-02  13  12   5   1
 -0.2235349148538184E-03  13  12   5   2
 -0.1925537075842756E-01  13  12   5   3
 -0.7927940395595651E-03  13  12   5   4
 -0.7043964384214017E-01  13  12   5   5
  0.7026166027899294E-02  13  12   6   1
 -0.4430534334077296E-01  13  12   6   2
 -0.5761101029347149E-01  13  12   6   3
  0.2998272296763360E-03  13  12   6   4
 -0.6050621637774561E-02  13  12   6   5
 -0.5122473457267551E-01  13  12   6   6
 -0.2511706280373631E+00  13  12   7   7
  0.1585494384213568E+00  13  12   8   7
 -0.1784179179499652E+00  13  12   8   8
 -0.2511706280373630E+00  13  12   9   9
  0.1585494384213569E+00  13  12  10   9
 -0.1784179179499654E+00  13  12  10  10
 -0.8643851350865223E-01  13  12  11  11
 -0.2832732821957151E+00  13  12  12  12
  0.2017465208362137E+00  13  12  13  12
  0.1206587970782635E+01  13  13   1   1
 -0.2441388633380262E-01  13  13   2   1
  0.7976699495893989E+00  13  13   2   2
 -0.1881376515140765E-01  13  13   3   1
  0.1485786406317735E+00  13  13   3   2
  0.6549278669810940E+00  13  13   3   3
 -0.8799710392232802E-04  13  13   4   1
 -0.1725322938184926E-02  13  13   4   2
  0.1242420992064466E-02  13  13   4   3
  0.5826101880509991E+00  13  13   4   4
  0.1775813296310470E-02  13  13   5   1
  0.3481763918909009E-01  13  13   5   2
 -0.2507250374136047E-01  13  13   5   3
 -0.2783348093150451E-02  13  13   5   4
  0.6386412328752877E+00  13  13   5   5
 -0.8205208938631858E-02  13  13   6   1
  0.2958025663907649E-01  13  13   6   2
  0.1087650079846378E+00  13  13   6   3
  0.5002445055460880E-03  13  13   6   4
 -0.1009511455216994E-01  13  13   6   5
  0.4753461137032691E+00  13  13   6   6
  0.7696295537886184E+00  13  13   7   7
 -0.1784179179499651E+00  13  13   8   7
  0.6643186147674787E+00  13  13   8   8
  0.7696295537886183E+00  13  13   9   9
 -0.1784179179499653E+00  13  13  10   9
  0.6643186147674789E+00  13  13  10  10
  0.5824722644461278E+00  13  13  11  11
  0.8387805699484200E+00  13  13  12  12
 -0.1901579262292454E+00  13  13  13  12
  0.7314808394087970E+00  13  13  13  13
  0.7611966314431070E+00  14  14   1   1
 -0.2205193537789252E-03  14  14   2   1
  0.7203002773120273E+00  14  14   2   2
 -0.2036760786744522E-03  14  14   3   1
  0.6243773504421496E-01  14  14   3   2
  0.6086572457325832E+00  14  14   3   3
  0.5206922555240914E-03  14  14   4   1
  0.3063900359617543E-01  14  14   4   2
 -0.2481917709020684E-01  14  14   4   3
  0.6186589798128924E+00  14  14   4   4
  0.3360376161591139E-03  14  14   5   1
  0.1977340285114733E-01  14  14   5   2
 -0.1601747868523576E-01  14  14   5   3
 -0.1751706615106159E-01  14  14   5   4
  0.6344968394571235E+00  14  14   5   5
  0.1827788950403697E-04  14  14   6   1
 -0.9316818908312541E-02  14  14   6   2
  0.9351281237507347E-01  14  14   6   3
 -0.1289683726091972E-01  14  14   6   4
 -0.8323193600774825E-02  14  14   6   5
  0.4586284515493961E+00  14  14   6   6
  0.7230333800962780E+00  14  14   7   7
 -0.7440989719026145E-01  14  14   8   7
  0.6247024334716507E+00  14  14   8   8
  0.6735481737897796E+00  14  14   9   9
 -0.8643851350865248E-01  14  14  10   9
  0.5824722644461280E+00  14  14  10  10
  0.6169659762177873E+00  14  14  11  11
  0.7230333800962782E+00  14  14  12  12
 -0.7440989719026134E-01  14  14  13  12
  0.6247024334716508E+00  14  14  13  13
  0.6878539851697821E+00  14  14  14  14
  0.7611966314431070E+00  15  15   1   1
 -0.2205193537789252E-03  15  15   2   1
  0.7203002773120273E+00  15  15   2   2
 -0.2036760786744592E-03  15  15   3   1
  0.6243773504421457E-01  15  15   3   2
  0.6086572457325841E+00  15  15   3   3
 -0.5513632399830057E-03  15  15   4   1
 -0.3244377098644481E-01  15  15   4   2
  0.2628113199109303E-01  15  15   4   3
  0.6153671502594740E+00  15  15   4   4
  0.2829139127581031E-03  15  15   5   1
  0.1664745403535887E-01  15  15   5   2
 -0.1348529851852612E-01  15  15   5   3
  0.1561652747227002E-01  15  15   5   4
  0.6377886690105412E+00  15  15   5   5
  0.1827788950398146E-04  15  15   6   1
 -0.9316818908312846E-02  15  15   6   2
  0.9351281237507436E-01  15  15   6   3
  0.1365651572934712E-01  15  15   6   4
 -0.7007391896040494E-02  15  15   6   5
  0.4586284515493961E+00  15  15   6   6
  0.6735481737897795E+00  15  15   7   7
 -0.8643851350865236E-01  15  15   8   7
  0.5824722644461278E+00  15  15   8   8
  0.7230333800962780E+00  15  15   9   9
 -0.7440989719026153E-01  15  15  10   9
  0.6247024334716507E+00  15  15  10  10
  0.6169659762177873E+00  15  15  11  11
  0.7230333800962782E+00  15  15  12  12
 -0.7440989719026134E-01  15  15  13  12
  0.6247024334716508E+00  15  15  13  13
  0.6169659762177873E+00  15  15  14  14
  0.6878539851697821E+00  15  15  15  15
  0.4809005573121976E-01   7   1   7   1
  0.4894846305803272E-01   7   2   7   1
  0.2003636983896806E+00   7   2   7   2
  0.2510965370364385E-01   7   3   7   1
  0.4040627217393401E-01   7   3   7   2
  0.5437158837071232E-01   7   3   7   3
  0.1753292856748625E-01   7   4   7   1
  0.1044847105756811E+00   7   4   7   2
 -0.3027995145055428E-02   7   4   7   3
  0.8614928951829061E-01   7   4   7   4
 -0.8996445652214073E-02   7   5   7   1
 -0.5361289282411291E-01   7   5   7   2
  0.1553716120659408E-02   7   5   7   3
 -0.3822531848335628E-01   7   5   7   4
  0.3126706959699226E-01   7   5   7   5
  0.1129927127046327E-01   7   6   7   1
  0.4143897753349365E-02   7   6   7   2
  0.1591126052340218E-01   7   6   7   3
 -0.6178314191400474E-02   7   6   7   4
  0.3170198728141694E-02   7   6   7   5
  0.9258196728584625E-02   7   6   7   6
 -0.5358606017831005E-01   8   1   7   1
 -0.4964754659898394E-01   8   1   7   2
 -0.2622712794313481E-01   8   1   7   3
 -0.1739471949257804E-01   8   1   7   4
  0.8925528210996597E-02   8   1   7   5
 -0.1238778754102888E-01   8   1   7   6
  0.5993510760563218E-01   8   1   8   1
 -0.2757950935245430E-01   8   2   7   1
 -0.5552843293534140E-01   8   2   7   2
 -0.5145553355614013E-01   8   2   7   3
 -0.7918904304099068E-02   8   2   7   4
  0.4063325298034550E-02   8   2   7   5
 -0.1474642545824484E-01   8   2   7   6
  0.2870116710124913E-01   8   2   8   1
  0.5055710976028139E-01   8   2   8   2
 -0.3251580207191353E-01   8   3   7   1
 -0.1329003367135078E+00   8   3   7   2
 -0.5723943116706778E-02   8   3   7   3
 -0.7963216417048247E-01   8   3   7   4
  0.4086062601409890E-01   8   3   7   5
 -0.1687823277227598E-02   8   3   7   6
  0.3322137336591174E-01   8   3   8   1
  0.1936631770226116E-01   8   3   8   2
  0.1159186673306175E+00   8   3   8   3
 -0.3251569889819464E-03   8   4   7   1
  0.3383721307538089E-01   8   4   7   2
 -0.2777641163594253E-01   8   4   7   3
  0.4592062741602668E-01   8   4   7   4
 -0.2028658724033901E-01   8   4   7   5
 -0.8773588108568613E-02   8   4   7   6
  0.6783082817179781E-03   8   4   8   1
  0.2043047821284768E-01   8   4   8   2
 -0.4586239832118354E-01   8   4   8   3
  0.4845431735982519E-01   8   4   8   4
  0.1668436147757033E-03   8   5   7   1
 -0.1736245301424571E-01   8   5   7   2
  0.1425255208988279E-01   8   5   7   3
 -0.2028658724033987E-01   8   5   7   4
  0.1679404360844880E-01   8   5   7   5
  0.4501878182520192E-02   8   5   7   6
 -0.3480515858160038E-03   8   5   8   1
 -0.1048322795493957E-01   8   5   8   2
  0.2353278132564296E-01   8   5   8   3
 -0.2064855169497030E-01   8   5   8   4
  0.1880804101361196E-01   8   5   8   5
 -0.1546539302656594E-01   8   6   7   1
 -0.3553092639838033E-01   8   6   7   2
 -0.1250314978140908E-01   8   6   7   3
 -0.1642926065767911E-01   8   6   7   4
  0.8430134762937851E-02   8   6   7   5
  0.1575321335161762E-02   8   6   7   6
  0.1646278492854537E-01   8   6   8   1
  0.1435403632452159E-01   8   6   8   2
  0.1827152169618897E-01   8   6   8   3
 -0.2055597935055718E-02   8   6   8   4
  0.1054762473613901E-02   8   6   8   5
  0.1739688519874949E-01   8   6   8   6
  0.1706618624726603E-01  11   9   7   1
  0.1017032338076826E+00  11   9   7   2
 -0.2947387208164336E-02  11   9   7   3
  0.4923567919559887E-01  11   9   7   4
 -0.3836119655207818E-01  11   9   7   5
 -0.6013841817401011E-02  11   9   7   6
 -0.1693165642739120E-01  11   9   8   1
 -0.7708095966346876E-02  11   9   8   2
 -0.7751228449397604E-01  11   9   8   3
  0.2572984721968754E-01  11   9   8   4
 -0.2037852324486706E-01  11   9   8   5
 -0.1599189901668109E-01  11   9   8   6
  0.8223576703814389E-01  11   9  11   9
 -0.3165010142047197E-03  11  10   7   1
  0.3293643609071408E-01  11  10   7   2
 -0.2703697860278856E-01  11  10   7   3
  0.2572984721968716E-01  11  10   7   4
 -0.2037852324486603E-01  11  10   7   5
 -0.8540027453413927E-02  11  10   7   6
  0.6602511088659189E-03  11  10   8   1
  0.1988660054474610E-01  11  10   8   2
 -0.4464150012810426E-01  11  10   8   3
  0.2276443752121161E-01  11  10   8   4
 -0.2091182257119328E-01  11  10   8   5
 -0.2000875982562910E-02  11  10   8   6
  0.4384367897798842E-01  11  10  11   9
  0.4634031087329044E-01  11  10  11  10
  0.1706618624726603E-01  14  12   7   1
  0.1017032338076826E+00  14  12   7   2
 -0.2947387208164707E-02  14  12   7   3
  0.5987546844193713E-01  14  12   7   4
 -0.1762560029098835E-01  14  12   7   5
 -0.6013841817400961E-02  14  12   7   6
 -0.1693165642739120E-01  14  12   8   1
 -0.7708095966346890E-02  14  12   8   2
 -0.7751228449397619E-01  14  12   8   3
  0.3155935792064476E-01  14  12   8   4
 -0.9017548182663343E-02  14  12   8   5
 -0.1599189901668042E-01  14  12   8   6
  0.5892975778878021E-01  14  12  11   9
  0.3107438183005088E-01  14  12  11  10
  0.8223576703814382E-01  14  12  14  12
 -0.3165010142047023E-03  14  13   7   1
  0.3293643609071417E-01  14  13   7   2
 -0.2703697860278876E-01  14  13   7   3
  0.3155935792064446E-01  14  13   7   4
 -0.9017548182662337E-02  14  13   7   5
 -0.8540027453413965E-02  14  13   7   6
  0.6602511088659022E-03  14  13   8   1
  0.1988660054474609E-01  14  13   8   2
 -0.4464150012810458E-01  14  13   8   3
  0.3026324974357793E-01  14  13   8   4
 -0.6297591115976603E-02  14  13   8   5
 -0.2000875982562858E-02  14  13   8   6
  0.3107438183005098E-01  14  13  11   9
  0.2991447922613436E-01  14  13  11  10
  0.4384367897798846E-01  14  13  14  12
  0.4634031087329050E-01  14  13  14  13
  0.4809005573121972E-01   9   1   9   1
  0.4894846305803271E-01   9   2   9   1
  0.2003636983896807E+00   9   2   9   2
  0.2510965370364365E-01   9   3   9   1
  0.4040627217393280E-01   9   3   9   2
  0.5437158837071231E-01   9   3   9   3
 -0.1655761476232730E-01   9   4   9   1
 -0.9867248244389587E-01   9   4   9   2
  0.2859555203287786E-02   9   4   9   3
  0.7809172145165399E-01   9   4   9   4
 -0.1068573871607331E-01   9   5   9   1
 -0.6367996725354710E-01   9   5   9   2
  0.1845462657825842E-02   9   5   9   3
  0.4287735757564259E-01   9   5   9   4
  0.3932463766362881E-01   9   5   9   5
  0.1129927127046326E-01   9   6   9   1
  0.4143897753349226E-02   9   6   9   2
  0.1591126052340236E-01   9   6   9   3
  0.5834629729315846E-02   9   6   9   4
  0.3765477678244339E-02   9   6   9   5
  0.9258196728584991E-02   9   6   9   6
 -0.5358606017831004E-01  10   1   9   1
 -0.4964754659898396E-01  10   1   9   2
 -0.2622712794313463E-01  10   1   9   3
  0.1642709391920752E-01  10   1   9   4
  0.1060150486677797E-01  10   1   9   5
 -0.1238778754102872E-01  10   1   9   6
  0.5993510760563220E-01  10   1  10   1
 -0.2757950935245431E-01  10   2   9   1
 -0.5552843293534147E-01  10   2   9   2
 -0.5145553355614012E-01  10   2   9   3
  0.7478395083988898E-02  10   2   9   4
  0.4826309648469188E-02  10   2   9   5
 -0.1474642545824449E-01  10   2   9   6
  0.2870116710124916E-01  10   2  10   1
  0.5055710976028147E-01  10   2  10   2
 -0.3251580207191355E-01  10   3   9   1
 -0.1329003367135081E+00  10   3   9   2
 -0.5723943116705696E-02  10   3   9   3
  0.7520242222798694E-01  10   3   9   4
  0.4853316412292136E-01  10   3   9   5
 -0.1687823277226823E-02  10   3   9   6
  0.3322137336591179E-01  10   3  10   1
  0.1936631770226094E-01  10   3  10   2
  0.1159186673306189E+00  10   3  10   3
  0.3070693033469198E-03  10   4   9   1
 -0.3195493192003718E-01  10   4   9   2
  0.2623127799657164E-01  10   4   9   3
  0.4164438946656362E-01  10   4   9   4
  0.2275547437157893E-01  10   4   9   5
  0.8285534925089655E-02  10   4   9   6
 -0.6405756560041000E-03  10   4  10   1
 -0.1929398082906535E-01  10   4  10   2
  0.4331118561030023E-01  10   4  10   3
  0.4410178041936341E-01  10   4  10   4
  0.1981724052877246E-03  10   5   9   1
 -0.2062265960942727E-01  10   5   9   2
  0.1692880205775843E-01  10   5   9   3
  0.2275547437158012E-01  10   5   9   4
  0.2107028155791063E-01  10   5   9   5
  0.5347211093101358E-02  10   5   9   6
 -0.4134064106562683E-03  10   5  10   1
 -0.1245169916632029E-01  10   5  10   2
  0.2795161136180711E-01  10   5  10   3
  0.2316149006920259E-01  10   5  10   4
  0.2316057795407268E-01  10   5  10   5
 -0.1546539302656595E-01  10   6   9   1
 -0.3553092639838060E-01  10   6   9   2
 -0.1250314978140936E-01  10   6   9   3
  0.1551534119087060E-01  10   6   9   4
  0.1001308971347725E-01  10   6   9   5
  0.1575321335162620E-02  10   6   9   6
  0.1646278492854539E-01  10   6  10   1
  0.1435403632452187E-01  10   6  10   2
  0.1827152169618778E-01  10   6  10   3
  0.1941250064636586E-02  10   6  10   4
  0.1252818794919192E-02  10   6  10   5
  0.1739688519875755E-01  10   6  10   6
  0.1706618624858926E-01  11   7   9   1
  0.1017032338073434E+00  11   7   9   2
 -0.2947387208666302E-02  11   7   9   3
 -0.4520195183215646E-01  11   7   9   4
 -0.4304087658318335E-01  11   7   9   5
 -0.6013841815048746E-02  11   7   9   6
 -0.1693165643292561E-01  11   7  10   1
 -0.7708095965254666E-02  11   7  10   2
 -0.7751228449987307E-01  11   7  10   3
 -0.2358910477027946E-01  11   7  10   4
 -0.2282243160092035E-01  11   7  10   5
 -0.1599189896993745E-01  11   7  10   6
  0.8223576703814385E-01  11   7  11   7
 -0.3165010197391131E-03  11   8   9   1
  0.3293643609180641E-01  11   8   9   2
 -0.2703697860868572E-01  11   8   9   3
 -0.2358910477027985E-01  11   8   9   4
 -0.2282243160091941E-01  11   8   9   5
 -0.8540027406670796E-02  11   8   9   6
  0.6602511075025502E-03  11   8  10   1
  0.1988660054543367E-01  11   8  10   2
 -0.4464150011931779E-01  11   8  10   3
 -0.2058549875701704E-01  11   8  10   4
 -0.2305994750984487E-01  11   8  10   5
 -0.2000876043522332E-02  11   8  10   6
  0.4384367897798844E-01  11   8  11   7
  0.4634031087329047E-01  11   8  11   8
  0.1706618624726603E-01  15  12   9   1
  0.1017032338076826E+00  15  12   9   2
 -0.2947387208165380E-02  15  12   9   3
 -0.5783961033146701E-01  15  12   9   4
 -0.2345875067993064E-01  15  12   9   5
 -0.6013841817401147E-02  15  12   9   6
 -0.1693165642739121E-01  15  12  10   1
 -0.7708095966346931E-02  15  12  10   2
 -0.7751228449397654E-01  15  12  10   3
 -0.3051324243150813E-01  15  12  10   4
 -0.1209343970531018E-01  15  12  10   5
 -0.1599189901668055E-01  15  12  10   6
  0.5892975778878019E-01  15  12  11   7
  0.3107438183005091E-01  15  12  11   8
  0.8223576703814382E-01  15  12  15  12
 -0.3165010142047014E-03  15  13   9   1
  0.3293643609071421E-01  15  13   9   2
 -0.2703697860278912E-01  15  13   9   3
 -0.3051324243150854E-01  15  13   9   4
 -0.1209343970530919E-01  15  13   9   5
 -0.8540027453413986E-02  15  13   9   6
  0.6602511088659030E-03  15  13  10   1
  0.1988660054474610E-01  15  13  10   2
 -0.4464150012810490E-01  15  13  10   3
 -0.2949238834669082E-01  15  13  10   4
 -0.9258669910637337E-02  15  13  10   5
 -0.2000875982562829E-02  15  13  10   6
  0.3107438183005096E-01  15  13  11   7
  0.2991447922613438E-01  15  13  11   8
  0.4384367897798846E-01  15  13  15  12
  0.4634031087329050E-01  15  13  15  13
  0.5189933032884753E-01   9   7   9   7
 -0.1605132708263480E-01   9   8   9   7
  0.2159854119700937E-01   9   8   9   8
 -0.1605132708263484E-01  10   7   9   7
  0.2159854121423955E-01  10   7   9   8
  0.2159854119700938E-01  10   7  10   7
  0.3457550808654188E-01  10   8   9   7
 -0.5870004138936098E-02  10   8   9   8
 -0.5870004138936128E-02  10   8  10   7
  0.3358111226778881E-01  10   8  10   8
  0.2218661126035995E-02  11   1   9   7
 -0.1372646860597560E-02  11   1   9   8
 -0.1372646860597561E-02  11   1  10   7
  0.1539786459105364E-02  11   1  10   8
  0.1339589159488880E-03  11   1  11   1
  0.4349629032745046E-01  11   2   9   7
 -0.1938244459392512E-03  11   2   9   8
 -0.1938244459392877E-03  11   2  10   7
  0.3018995782043342E-01  11   2  10   8
  0.1248006918192102E-02  11   2  11   1
  0.4784102476247853E-01  11   2  11   2
 -0.1491024065370707E-01  11   3   9   7
 -0.1669610130230539E-01  11   3   9   8
 -0.1669610130230536E-01  11   3  10   7
 -0.2174006762148188E-01  11   3  10   8
  0.4084945373048175E-04  11   3  11   1
 -0.2807872582148406E-01  11   3  11   2
  0.3592734278498402E-01  11   3  11   3
  0.1414012602658309E-02  11   4   9   7
  0.3437111111092098E-03  11   4   9   8
  0.3437111111092084E-03  11   4  10   7
  0.1206703889191059E-02  11   4  10   8
  0.3067098495298797E-04  11   4  11   1
  0.1804767390377169E-02  11   4  11   2
 -0.1461954899356422E-02  11   4  11   3
  0.2107319316854596E-01  11   4  11   4
 -0.2853528429378886E-01  11   5   9   7
 -0.6936214108305425E-02  11   5   9   8
 -0.6936214108305406E-02  11   5  10   7
 -0.2435171981171632E-01  11   5  10   8
 -0.6189515388876466E-03  11   5  11   1
 -0.3642085688869452E-01  11   5  11   2
  0.2950277717288540E-01  11   5  11   3
 -0.9502693390554121E-03  11   5  11   4
  0.4020288235933577E-01  11   5  11   5
 -0.1088267352803587E-01  11   6   9   7
 -0.5246421554726176E-02  11   6   9   8
 -0.5246421554726294E-02  11   6  10   7
 -0.8753352904548452E-02  11   6  10   8
 -0.1386162652196210E-03  11   6  11   1
 -0.1670668559862175E-01  11   6  11   2
  0.1521708441832504E-01  11   6  11   3
 -0.7596784761919083E-03  11   6  11   4
  0.1533058565349182E-01  11   6  11   5
  0.1045774164835711E-01  11   6  11   6
  0.2474260313463832E-01  15  14   9   7
  0.6014308166940663E-02  15  14   9   8
  0.6014308166940641E-02  15  14  10   7
  0.2111508452512786E-01  15  14  10   8
  0.5366854565938857E-03  15  14  11   1
  0.3158008868235762E-01  15  14  11   2
 -0.2558150467598965E-01  15  14  11   3
  0.8239671602067453E-03  15  14  11   4
 -0.1662795448481550E-01  15  14  11   5
 -0.1329296699232429E-01  15  14  11   6
  0.3544400445999997E-01  15  14  15  14
  0.4809005573121979E-01  12   1  12   1
  0.4894846305803277E-01  12   2  12   1
  0.2003636983896807E+00  12   2  12   2
  0.2510965370364318E-01  12   3  12   1
  0.4040627217393017E-01  12   3  12   2
  0.5437158837071249E-01  12   3  12   3
 -0.9753138051594719E-03  12   4  12   1
 -0.5812228131786055E-02  12   4  12   2
  0.1684399417677316E-03  12   4  12   3
  0.1188352770297945E-01  12   4  12   4
  0.1968218436828901E-01  12   5  12   1
  0.1172928600776623E+00  12   5  12   2
 -0.3399178778485147E-02  12   5  12   3
 -0.4652039092286266E-02  12   5  12   4
  0.1055328314123030E+00  12   5  12   5
  0.1129927127046314E-01  12   6  12   1
  0.4143897753348299E-02  12   6  12   2
  0.1591126052340232E-01  12   6  12   3
  0.3436844620845746E-03  12   6  12   4
 -0.6935676406385698E-02  12   6  12   5
  0.9258196728584951E-02  12   6  12   6
 -0.5358606017831005E-01  13   1  12   1
 -0.4964754659898393E-01  13   1  12   2
 -0.2622712794313418E-01  13   1  12   3
  0.9676255733710809E-03  13   1  12   4
 -0.1952703307777624E-01  13   1  12   5
 -0.1238778754102866E-01  13   1  12   6
  0.5993510760563212E-01  13   1  13   1
 -0.2757950935245428E-01  13   2  12   1
 -0.5552843293534132E-01  13   2  12   2
 -0.5145553355613985E-01  13   2  12   3
  0.4405092201112480E-03  13   2  12   4
 -0.8889634946506856E-02  13   2  12   5
 -0.1474642545824473E-01  13   2  12   6
  0.2870116710124909E-01  13   2  13   1
  0.5055710976028133E-01  13   2  13   2
 -0.3251580207191351E-01  13   3  12   1
 -0.1329003367135091E+00  13   3  12   2
 -0.5723943116702990E-02  13   3  12   3
  0.4429741942496249E-02  13   3  12   4
 -0.8939379013702234E-01  13   3  12   5
 -0.1687823277225714E-02  13   3  12   6
  0.3322137336591166E-01  13   3  13   1
  0.1936631770226030E-01  13   3  13   2
  0.1159186673306210E+00  13   3  13   3
  0.1808768563572946E-04  13   4  12   1
 -0.1882281155340961E-02  13   4  12   2
  0.1545133639371727E-02  13   4  12   3
  0.6506989654120111E-02  13   4  12   4
 -0.2468887131239913E-02  13   4  12   5
  0.4880531834788863E-03  13   4  12   6
 -0.3773262571460172E-04  13   4  13   1
 -0.1136497383782799E-02  13   4  13   2
  0.2551212710881757E-02  13   4  13   3
  0.8337439780964800E-02  13   4  13   4
 -0.3650160200655050E-03  13   5  12   1
  0.3798511262366486E-01  13   5  12   2
 -0.3118135414764353E-01  13   5  12   3
 -0.2468887131240245E-02  13   5  12   4
  0.5620768137035109E-01  13   5  12   5
 -0.9849089275621954E-02  13   5  12   6
  0.7614579964744107E-03  13   5  13   1
  0.2293492712126121E-01  13   5  13   2
 -0.5148439268744531E-01  13   5  13   3
 -0.2512938374232284E-02  13   5  13   4
  0.5892491859246872E-01  13   5  13   5
 -0.1546539302656599E-01  13   6  12   1
 -0.3553092639838055E-01  13   6  12   2
 -0.1250314978140765E-01  13   6  12   3
  0.9139194668089518E-03  13   6  12   4
 -0.1844322447641589E-01  13   6  12   5
  0.1575321335159393E-02  13   6  12   6
  0.1646278492854543E-01  13   6  13   1
  0.1435403632452156E-01  13   6  13   2
  0.1827152169618855E-01  13   6  13   3
  0.1143478704198256E-03  13   6  13   4
 -0.2307581268531976E-02  13   6  13   5
  0.1739688519875476E-01  13   6  13   6
  0.1706618624858927E-01  14   7  12   1
  0.1017032338073433E+00  14   7  12   2
 -0.2947387208667857E-02  14   7  12   3
  0.8603931130065710E-02  14   7  12   4
  0.6181994723060252E-01  14   7  12   5
 -0.6013841815049296E-02  14   7  12   6
 -0.1693165643292559E-01  14   7  13   1
 -0.7708095965254597E-02  14   7  13   2
 -0.7751228449987399E-01  14   7  13   3
  0.4783395214283807E-02  14   7  13   4
  0.3247196295676838E-01  14   7  13   5
 -0.1599189896993763E-01  14   7  13   6
  0.8223576703814382E-01  14   7  14   7
 -0.3165010197391120E-03  14   8  12   1
  0.3293643609180638E-01  14   8  12   2
 -0.2703697860868653E-01  14   8  12   3
  0.4783395214283462E-02  14   8  12   4
  0.3247196295676934E-01  14   8  12   5
 -0.8540027406671036E-02  14   8  12   6
  0.6602511075025513E-03  14   8  13   1
  0.1988660054543369E-01  14   8  13   2
 -0.4464150011931860E-01  14   8  13   3
  0.6727950818645941E-02  14   8  13   4
  0.3017049247217815E-01  14   8  13   5
 -0.2000876043522757E-02  14   8  13   6
  0.4384367897798843E-01  14   8  14   7
  0.4634031087329047E-01  14   8  14   8
  0.1706618624858927E-01  15   9  12   1
  0.1017032338073434E+00  15   9  12   2
 -0.2947387208667995E-02  15   9  12   3
 -0.1467351660610917E-01  15   9  12   4
  0.6066647687887959E-01  15   9  12   5
 -0.6013841815049320E-02  15   9  12   6
 -0.1693165643292559E-01  15   9  13   1
 -0.7708095965254527E-02  15   9  13   2
 -0.7751228449987403E-01  15   9  13   3
 -0.7970253157387907E-02  15   9  13   4
  0.3183997978405308E-01  15   9  13   5
 -0.1599189896993797E-01  15   9  13   6
  0.5892975778878022E-01  15   9  14   7
  0.3107438183005094E-01  15   9  14   8
  0.8223576703814388E-01  15   9  15   9
 -0.3165010197391228E-03  15  10  12   1
  0.3293643609180634E-01  15  10  12   2
 -0.2703697860868659E-01  15  10  12   3
 -0.7970253157388228E-02  15  10  12   4
  0.3183997978405399E-01  15  10  12   5
 -0.8540027406671050E-02  15  10  12   6
  0.6602511075025630E-03  15  10  13   1
  0.1988660054543369E-01  15  10  13   2
 -0.4464150011931863E-01  15  10  13   3
 -0.9677750974951655E-02  15  10  13   4
  0.2935753862807114E-01  15  10  13   5
 -0.2000876043522924E-02  15  10  13   6
  0.3107438183005090E-01  15  10  14   7
  0.2991447922613435E-01  15  10  14   8
  0.4384367897798842E-01  15  10  15   9
  0.4634031087329043E-01  15  10  15  10
  0.5189933032884755E-01  12   7  12   7
 -0.1605132708263485E-01  12   8  12   7
  0.2159854119700937E-01  12   8  12   8
 -0.1605132708263481E-01  13   7  12   7
  0.2159854121423953E-01  13   7  12   8
  0.2159854119700935E-01  13   7  13   7
  0.3457550808654188E-01  13   8  12   7
 -0.5870004138936102E-02  13   8  12   8
 -0.5870004138936076E-02  13   8  13   7
  0.3358111226778879E-01  13   8  13   8
  0.2218661126035997E-02  14   1  12   7
 -0.1372646860597561E-02  14   1  12   8
 -0.1372646860597558E-02  14   1  13   7
  0.1539786459105364E-02  14   1  13   8
  0.1339589159488881E-03  14   1  14   1
  0.4349629032745044E-01  14   2  12   7
 -0.1938244459392720E-03  14   2  12   8
 -0.1938244459392530E-03  14   2  13   7
  0.3018995782043340E-01  14   2  13   8
  0.1248006918192104E-02  14   2  14   1
  0.4784102476247849E-01  14   2  14   2
 -0.1491024065370774E-01  14   3  12   7
 -0.1669610130230554E-01  14   3  12   8
 -0.1669610130230554E-01  14   3  13   7
 -0.2174006762148246E-01  14   3  13   8
  0.4084945373046604E-04  14   3  14   1
 -0.2807872582148491E-01  14   3  14   2
  0.3592734278498543E-01  14   3  14   3
  0.2400527480343410E-01  14   4  12   7
  0.5835082072888430E-02  14   4  12   8
  0.5835082072888454E-02  14   4  13   7
  0.2048585603341724E-01  14   4  13   8
  0.5206922639116805E-03  14   4  14   1
  0.3063900359801808E-01  14   4  14   2
 -0.2481917706423244E-01  14   4  14   3
  0.3459750267357847E-01  14   4  14   4
  0.1549221297876506E-01  14   5  12   7
  0.3765769600865779E-02  14   5  12   8
  0.3765769600865790E-02  14   5  13   7
  0.1322089613613993E-01  14   5  13   8
  0.3360376215722025E-03  14   5  14   1
  0.1977340285233450E-01  14   5  14   2
 -0.1601747866847205E-01  14   5  14   3
  0.8758533072388870E-02  14   5  14   4
  0.2667857285430161E-01  14   5  14   5
 -0.1088267352803614E-01  14   6  12   7
 -0.5246421554726171E-02  14   6  12   8
 -0.5246421554726304E-02  14   6  13   7
 -0.8753352904548733E-02  14   6  13   8
 -0.1386162652196266E-03  14   6  14   1
 -0.1670668559862202E-01  14   6  14   2
  0.1521708441832567E-01  14   6  14   3
 -0.1289683739272120E-01  14   6  14   4
 -0.8323193685836032E-02  14   6  14   5
  0.1045774164835705E-01  14   6  14   6
  0.2474260313995131E-01  15  11  12   7
  0.6014308164744891E-02  15  11  12   8
  0.6014308164744908E-02  15  11  13   7
  0.2111508451840669E-01  15  11  13   8
  0.5366854615513064E-03  15  11  14   1
  0.3158008868130787E-01  15  11  14   2
 -0.2558150467245394E-01  15  11  14   3
  0.1398824740563332E-01  15  11  14   4
  0.9027553731789619E-02  15  11  14   5
 -0.1329296702183624E-01  15  11  14   6
  0.3544400445999997E-01  15  11  15  11
  0.5189933032884755E-01  12   9  12   9
 -0.1605132708263486E-01  12  10  12   9
  0.2159854119700939E-01  12  10  12  10
 -0.1605132708263479E-01  13   9  12   9
  0.2159854121423954E-01  13   9  12  10
  0.2159854119700935E-01  13   9  13   9
  0.3457550808654188E-01  13  10  12   9
 -0.5870004138936125E-02  13  10  12  10
 -0.5870004138936076E-02  13  10  13   9
  0.3358111226778880E-01  13  10  13  10
  0.2474260313995132E-01  14  11  12   9
  0.6014308164744877E-02  14  11  12  10
  0.6014308164744915E-02  14  11  13   9
  0.2111508451840668E-01  14  11  13  10
  0.3544400445999997E-01  14  11  14  11
  0.2218661126035997E-02  15   1  12   9
 -0.1372646860597562E-02  15   1  12  10
 -0.1372646860597558E-02  15   1  13   9
  0.1539786459105364E-02  15   1  13  10
  0.5366854615513067E-03  15   1  14  11
  0.1339589159488881E-03  15   1  15   1
  0.4349629032745046E-01  15   2  12   9
 -0.1938244459392981E-03  15   2  12  10
 -0.1938244459392321E-03  15   2  13   9
  0.3018995782043341E-01  15   2  13  10
  0.3158008868130787E-01  15   2  14  11
  0.1248006918192104E-02  15   2  15   1
  0.4784102476247853E-01  15   2  15   2
 -0.1491024065370803E-01  15   3  12   9
 -0.1669610130230562E-01  15   3  12  10
 -0.1669610130230563E-01  15   3  13   9
 -0.2174006762148268E-01  15   3  13  10
 -0.2558150467245409E-01  15   3  14  11
  0.4084945373045888E-04  15   3  15   1
 -0.2807872582148529E-01  15   3  15   2
  0.3592734278498603E-01  15   3  15   3
 -0.2541928740396093E-01  15   4  12   9
 -0.6178793179434625E-02  15   4  12  10
 -0.6178793179434667E-02  15   4  13   9
 -0.2169255992738202E-01  15   4  13  10
 -0.1481221456557345E-01  15   4  14  11
 -0.5513632488646692E-03  15   4  15   1
 -0.3244377098839464E-01  15   4  15   2
  0.2628113196358866E-01  15   4  15   3
  0.3624341744969615E-01  15   4  15   4
  0.1304307131172057E-01  15   5  12   9
  0.3170444500368744E-02  15   5  12  10
  0.3170444500368763E-02  15   5  13   9
  0.1113082368297267E-01  15   5  13  10
  0.7600400747655370E-02  15   5  14  11
  0.2829139173154465E-03  15   5  15   1
  0.1664745403635811E-01  15   5  15   2
 -0.1348529850441276E-01  15   5  15   3
 -0.7808263733333452E-02  15   5  15   4
  0.2503265807818328E-01  15   5  15   5
 -0.1088267352803618E-01  15   6  12   9
 -0.5246421554726184E-02  15   6  12  10
 -0.5246421554726328E-02  15   6  13   9
 -0.8753352904548624E-02  15   6  13  10
 -0.1329296702183634E-01  15   6  14  11
 -0.1386162652196285E-03  15   6  15   1
 -0.1670668559862211E-01  15   6  15   2
  0.1521708441832594E-01  15   6  15   3
  0.1365651586891291E-01  15   6  15   4
 -0.7007391967655388E-02  15   6  15   5
  0.1045774164835672E-01  15   6  15   6
  0.1165300461339954E-01  12  11  12  11
  0.6384648570369342E-02  13  11  12  11
  0.8212915809084249E-02  13  11  13  11
  0.1165300462130140E-01  14   9  12  11
  0.6384648574112386E-02  14   9  13  11
  0.1165300461339956E-01  14   9  14   9
  0.6384648574112372E-02  14  10  12  11
  0.8212915815986589E-02  14  10  13  11
  0.6384648570369337E-02  14  10  14   9
  0.8212915809084237E-02  14  10  14  10
  0.1165300462130140E-01  15   7  12  11
  0.6384648574112384E-02  15   7  13  11
  0.1165300461550907E-01  15   7  14   9
  0.6384648575208536E-02  15   7  14  10
  0.1165300461339955E-01  15   7  15   7
  0.6384648574112377E-02  15   8  12  11
  0.8212915815986590E-02  15   8  13  11
  0.6384648575208546E-02  15   8  14   9
  0.8212915820185315E-02  15   8  14  10
  0.6384648570369338E-02  15   8  15   7
  0.8212915809084243E-02  15   8  15   8
 -0.4990654581239081E+02   1   1   0   0
  0.9082511468601542E+00   2   1   0   0
 -0.1107785175732251E+02   2   2   0   0
  0.6647208605388129E+00   3   1   0   0
 -0.2437032536095041E+01   3   2   0   0
 -0.5936380289572162E+01   3   3   0   0
 -0.5622238785640832E-14   4   1   0   0
  0.1618150058391166E-13   4   2   0   0
  0.1088018564132653E-13   4   3   0   0
 -0.4812262895585159E+01   4   4   0   0
  0.1733682641891221E-13   5   1   0   0
 -0.4946043574705072E-13   5   2   0   0
 -0.3019806626980426E-13   5   3   0   0
  0.0000000000000000E+00   5   4   0   0
 -0.4812262895585160E+01   5   5   0   0
  0.5398994709473968E+00   6   1   0   0
 -0.6824031407543423E+00   6   2   0   0
 -0.1687737213500512E+01   6   3   0   0
  0.7105427357601002E-14   6   4   0   0
  0.0000000000000000E+00   6   5   0   0
  0.3322303520370014E+00   6   6   0   0
 -0.1010918226556570E+02   7   7   0   0
  0.2992434043900635E+01   8   7   0   0
 -0.6652917786877904E+01   8   8   0   0
 -0.1010918226556570E+02   9   9   0   0
  0.2992434043900637E+01  10   9   0   0
 -0.6652917786877907E+01  10  10   0   0
 -0.4812262895585159E+01  11  11   0   0
 -0.1010918226556570E+02  12  12   0   0
  0.2992434043900632E+01  13  12   0   0
 -0.6652917786877902E+01  13  13   0   0
 -0.4812262895585159E+01  14  14   0   0
 -0.4812262895585159E+01  15  15   0   0
  0.0000000000000000E+00   0   0   0   0
