 &FCI NORB= 10,NELEC=14,MS2= 0,
  ORBSYM=1,1,1,1,1,1,3,3,4,4,
  ISYM=1
 &END
  0.47495337360407985372E+01   1   1   1   1
  0.66115160615087169640E-03   2   1   1   1
  0.36494721542673239752E-06   2   1   2   1
  0.29415038038728719139E+00   2   2   1   1
  0.35780339957134298882E-03   2   2   2   1
  0.35124347106800222207E+01   2   2   2   2
 -0.44426173807012142580E+00   3   1   1   1
 -0.97859351475213651869E-04   3   1   2   1
 -0.14328405776333072512E-04   3   1   2   2
  0.65319203244253540297E-01   3   1   3   1
  0.37869996396749938412E-03   3   2   1   1
 -0.20188216211037758759E-04   3   2   2   1
 -0.82490693871008158311E-01   3   2   2   2
  0.27325353717300363671E-04   3   2   3   1
  0.33230668187546768579E-02   3   2   3   2
  0.10381029196018896066E+01   3   3   1   1
  0.17655493259744789284E-04   3   3   2   1
  0.34177643801769902465E+00   3   3   2   2
 -0.17822105877938216462E-01   3   3   3   1
  0.76071039427672059244E-03   3   3   3   2
  0.72273031419110411733E+00   3   3   3   3
  0.13667120585950290335E+00   4   1   1   1
  0.24113586211505764106E-04   4   1   2   1
  0.42142032530177882775E-03   4   1   2   2
 -0.20002034219266953685E-01   4   1   3   1
 -0.40390845809363504259E-05   4   1   3   2
  0.61498839164967058699E-02   4   1   3   3
  0.67881207854991873138E-02   4   1   4   1
 -0.25030383263491246633E-03   4   2   1   1
 -0.62718855114512746078E-04   4   2   2   1
 -0.35056700780073823953E+00   4   2   2   2
  0.18756237706541804066E-05   4   2   3   1
  0.12815193037988900984E-01   4   2   3   2
 -0.14091008540623513757E-02   4   2   3   3
  0.20215103695400934753E-04   4   2   4   1
  0.55214666882919267998E-01   4   2   4   2
 -0.19549122974099075734E+00   4   3   1   1
 -0.24456018857348531438E-04   4   3   2   1
  0.13320393289890064548E+00   4   3   2   2
  0.57227966571907909824E-02   4   3   3   1
 -0.48661316700267888196E-03   4   3   3   2
 -0.88502963730036562917E-01   4   3   3   3
 -0.60354180408016006726E-03   4   3   4   1
 -0.37726567616772877477E-02   4   3   4   2
  0.55014200819165123835E-01   4   3   4   3
  0.37097065751669633382E+00   4   4   1   1
  0.10196040808976341094E-04   4   4   2   1
  0.79659734775001567186E+00   4   4   2   2
 -0.20684751501695341006E-02   4   4   3   1
 -0.40682400595787003572E-02   4   4   3   2
  0.35741761245182701590E+00   4   4   3   3
  0.65417760435197355728E-03   4   4   4   1
 -0.15964664149152336253E-01   4   4   4   2
  0.57203338028262405712E-01   4   4   4   3
  0.54801956203320045802E+00   4   4   4   4
 -0.91288310209141812490E-01   5   1   1   1
 -0.36395793701728080368E-05   5   1   2   1
 -0.18127975918771068939E-02   5   1   2   2
  0.13092076544143150044E-01   5   1   3   1
 -0.56868971030891424901E-05   5   1   3   2
 -0.54285605641722278411E-02   5   1   3   3
 -0.57989173706009507561E-02   5   1   4   1
 -0.12383833926320843749E-04   5   1   4   2
 -0.19694608688209987862E-02   5   1   4   3
 -0.70372217718673928891E-03   5   1   4   4
  0.74591025813755601134E-02   5   1   5   1
 -0.63809402396348829933E-02   5   2   1   1
  0.30714007307669779991E-04   5   2   2   1
 -0.34219750848616184435E-01   5   2   2   2
 -0.26925322535977537486E-05   5   2   3   1
 -0.89493319359739255739E-03   5   2   3   2
 -0.80860866646529066387E-02   5   2   3   3
 -0.10838514342414417018E-04   5   2   4   1
  0.60915844663357960817E-02   5   2   4   2
 -0.25787012336216602951E-02   5   2   4   3
  0.13495233015274913854E-04   5   2   4   4
  0.10231166464045167398E-03   5   2   5   1
  0.16019759567532567551E-01   5   2   5   2
  0.99004277010684468840E-01   5   3   1   1
  0.41076390785199255393E-04   5   3   2   1
 -0.83300233185344740861E-01   5   3   2   2
 -0.41563926896712125730E-02   5   3   3   1
 -0.69104840479389403017E-03   5   3   3   2
  0.24713409140327387281E-01   5   3   3   3
 -0.15089200590710130211E-02   5   3   4   1
  0.10244938463710971405E-02   5   3   4   2
 -0.47222247510004429494E-01   5   3   4   3
 -0.38815014608278949892E-01   5   3   4   4
  0.65691246049804658674E-02   5   3   5   1
  0.56948566483190519658E-02   5   3   5   2
  0.65239191956536046746E-01   5   3   5   3
 -0.16006734291306826123E+00   5   4   1   1
  0.33425921584730064430E-04   5   4   2   1
  0.76045112378378951212E-01   5   4   2   2
  0.21605908449017995586E-02   5   4   3   1
 -0.35223207011939746368E-02   5   4   3   2
 -0.11422753964965001727E+00   5   4   3   3
  0.33936198857868331595E-04   5   4   4   1
 -0.11319280644784294673E-02   5   4   4   2
  0.24498893087882722686E-01   5   4   4   3
  0.37625762151560812607E-01   5   4   4   4
 -0.12467528885544386374E-02   5   4   5   1
  0.20594503976644511906E-01   5   4   5   2
  0.17115616281725577058E-03   5   4   5   3
  0.11700697459647139975E+00   5   4   5   4
  0.49482415481259256484E+00   5   5   1   1
  0.12822636317934680720E-04   5   5   2   1
  0.70658778555481349670E+00   5   5   2   2
 -0.32663917701924076800E-02   5   5   3   1
 -0.22575426763008616358E-02   5   5   3   2
  0.43413979980936162617E+00   5   5   3   3
  0.80403099432079460328E-03   5   5   4   1
 -0.81235852571561826402E-02   5   5   4   2
  0.28099668426601758647E-01   5   5   4   3
  0.51911576785721225136E+00   5   5   4   4
 -0.14290825266639992260E-03   5   5   5   1
  0.13148909417913924678E-02   5   5   5   2
 -0.27775389045305680369E-01   5   5   5   3
  0.16706092522508181331E-01   5   5   5   4
  0.54422237650077232018E+00   5   5   5   5
 -0.69877037065434383090E-01   6   1   1   1
 -0.50571372180334674888E-04   6   1   2   1
  0.54554324342740946260E-02   6   1   2   2
  0.11123770435080893026E-01   6   1   3   1
  0.13456139353390874931E-04   6   1   3   2
  0.55286861246232996310E-03   6   1   3   3
  0.38018222120031870898E-03   6   1   4   1
 -0.27700581047113441348E-04   6   1   4   2
  0.75324689427892378008E-02   6   1   4   3
  0.87562276531787661734E-03   6   1   4   4
 -0.80049341025094158941E-02   6   1   5   1
 -0.22172113686919498734E-03   6   1   5   2
 -0.15957595894037269330E-01   6   1   5   3
  0.41873579994791913089E-02   6   1   5   4
 -0.11840655544603055638E-02   6   1   5   5
  0.23574804337859842085E-01   6   1   6   1
 -0.47840511926459184169E-02   6   2   1   1
  0.41169171958088839123E-04   6   2   2   1
  0.86251593557584008143E-01   6   2   2   2
  0.17478881961965724023E-04   6   2   3   1
 -0.46715631377566282575E-02   6   2   3   2
 -0.51074562432444946605E-02   6   2   3   3
 -0.20558025377683456891E-04   6   2   4   1
 -0.13258758401842945032E-01   6   2   4   2
 -0.52870223280027995628E-03   6   2   4   3
  0.48254189900204629005E-02   6   2   4   4
  0.81114118302577216889E-04   6   2   5   1
  0.91519083287912271485E-02   6   2   5   2
  0.34379957077741306500E-02   6   2   5   3
  0.14272676719578243978E-01   6   2   5   4
  0.33856474081329726057E-02   6   2   5   5
 -0.14977826106522549644E-03   6   2   6   1
  0.10530288040080838449E-01   6   2   6   2
  0.11363267742539365224E+00   6   3   1   1
 -0.29509735415038238415E-04   6   3   2   1
 -0.26843498974289465436E-01   6   3   2   2
 -0.20686777318157855907E-02   6   3   3   1
  0.16210981705731423779E-03   6   3   3   2
  0.68509124225386963669E-01   6   3   3   3
  0.55027857262190029569E-02   6   3   4   1
  0.17065327675282811366E-02   6   3   4   2
  0.90970308108260667518E-02   6   3   4   3
 -0.65638604885334865882E-02   6   3   4   4
 -0.13269677805161155318E-01   6   3   5   1
  0.14311124057529312631E-02   6   3   5   2
 -0.53818266499275825565E-01   6   3   5   3
  0.73966749686168601144E-02   6   3   5   4
  0.11075204858840403260E-02   6   3   5   5
  0.26126821986814777188E-01   6   3   6   1
  0.47849965719093330617E-03   6   3   6   2
  0.11722417863579047415E+00   6   3   6   3
  0.74220933402675229318E-01   6   4   1   1
  0.38806173137358983413E-04   6   4   2   1
 -0.10786210345045930958E+00   6   4   2   2
 -0.12669033855053086612E-02   6   4   3   1
 -0.77150364434644142647E-03   6   4   3   2
  0.24796263042358684947E-01   6   4   3   3
 -0.10498097090301469498E-02   6   4   4   1
  0.41671903023892684428E-02   6   4   4   2
 -0.39421272655317023126E-01   6   4   4   3
 -0.39855188318101864020E-01   6   4   4   4
  0.37709488844950315653E-02   6   4   5   1
  0.11621463528126232262E-01   6   4   5   2
  0.45438084351477260603E-01   6   4   5   3
  0.22417284138621176165E-01   6   4   5   4
 -0.14209814955152923199E-01   6   4   5   5
 -0.86665739096157146798E-02   6   4   6   1
  0.65939027896501703485E-02   6   4   6   2
 -0.18408259542739356662E-01   6   4   6   3
  0.51299973656322779558E-01   6   4   6   4
 -0.30643174461193928293E+00   6   5   1   1
 -0.21206067032530310362E-04   6   5   2   1
  0.24067472933163047699E+00   6   5   2   2
  0.46683590661559569782E-02   6   5   3   1
 -0.11641457334021620279E-02   6   5   3   2
 -0.16044000998207913478E+00   6   5   3   3
 -0.57668503484230684061E-03   6   5   4   1
 -0.49082444851702095381E-02   6   5   4   2
  0.80456206993149093076E-01   6   5   4   3
  0.99817077193310788097E-01   6   5   4   4
 -0.14315377421932691700E-02   6   5   5   1
 -0.14681489799973638697E-03   6   5   5   2
 -0.54461040521866815878E-01   6   5   5   3
  0.65137908691389467819E-01   6   5   5   4
  0.57868298918168796507E-01   6   5   5   5
  0.62109530867038124924E-02   6   5   6   1
  0.14486931936310769135E-02   6   5   6   2
 -0.11919765399403965331E-01   6   5   6   3
 -0.51099265302069506178E-01   6   5   6   4
  0.15269795612243763916E+00   6   5   6   5
  0.95818156134749854491E+00   6   6   1   1
 -0.38530331230409906561E-05   6   6   2   1
  0.48821204451256811074E+00   6   6   2   2
 -0.10983930059300716503E-01   6   6   3   1
  0.16827947211570624952E-03   6   6   3   2
  0.67668786284994686397E+00   6   6   3   3
  0.47440441666408480342E-02   6   6   4   1
 -0.50132767452495249558E-02   6   6   4   2
 -0.54401566180634255976E-01   6   6   4   3
  0.42062639764336207104E+00   6   6   4   4
 -0.59621789600394327693E-02   6   6   5   1
 -0.10074518366973369415E-01   6   6   5   2
  0.49627238926173988798E-04   6   6   5   3
 -0.95493959296625949285E-01   6   6   5   4
  0.49151487646929153952E+00   6   6   5   5
  0.59359721099332468305E-02   6   6   6   1
 -0.54455908820685650432E-02   6   6   6   2
  0.65005241951387071619E-01   6   6   6   3
  0.95254545911325205765E-02   6   6   6   4
 -0.11902997986744545678E+00   6   6   6   5
  0.69913629945958299938E+00   6   6   6   6
  0.00000000000000000000E+00   7   1   1   1
  0.00000000000000000000E+00   7   1   2   1
  0.00000000000000000000E+00   7   1   2   2
  0.00000000000000000000E+00   7   1   3   1
  0.00000000000000000000E+00   7   1   3   2
  0.00000000000000000000E+00   7   1   3   3
  0.00000000000000000000E+00   7   1   4   1
  0.00000000000000000000E+00   7   1   4   2
  0.00000000000000000000E+00   7   1   4   3
  0.00000000000000000000E+00   7   1   4   4
  0.00000000000000000000E+00   7   1   5   1
  0.00000000000000000000E+00   7   1   5   2
  0.00000000000000000000E+00   7   1   5   3
  0.00000000000000000000E+00   7   1   5   4
  0.00000000000000000000E+00   7   1   5   5
  0.00000000000000000000E+00   7   1   6   1
  0.00000000000000000000E+00   7   1   6   2
  0.00000000000000000000E+00   7   1   6   3
  0.00000000000000000000E+00   7   1   6   4
  0.00000000000000000000E+00   7   1   6   5
  0.00000000000000000000E+00   7   1   6   6
  0.23681694785523167007E-01   7   1   7   1
  0.00000000000000000000E+00   7   2   1   1
  0.00000000000000000000E+00   7   2   2   1
  0.00000000000000000000E+00   7   2   2   2
  0.00000000000000000000E+00   7   2   3   1
  0.00000000000000000000E+00   7   2   3   2
  0.00000000000000000000E+00   7   2   3   3
  0.00000000000000000000E+00   7   2   4   1
  0.00000000000000000000E+00   7   2   4   2
  0.00000000000000000000E+00   7   2   4   3
  0.00000000000000000000E+00   7   2   4   4
  0.00000000000000000000E+00   7   2   5   1
  0.00000000000000000000E+00   7   2   5   2
  0.00000000000000000000E+00   7   2   5   3
  0.00000000000000000000E+00   7   2   5   4
  0.00000000000000000000E+00   7   2   5   5
  0.00000000000000000000E+00   7   2   6   1
  0.00000000000000000000E+00   7   2   6   2
  0.00000000000000000000E+00   7   2   6   3
  0.00000000000000000000E+00   7   2   6   4
  0.00000000000000000000E+00   7   2   6   5
  0.00000000000000000000E+00   7   2   6   6
  0.14822286379363900371E-05   7   2   7   1
  0.13235154127561130771E-02   7   2   7   2
  0.00000000000000000000E+00   7   3   1   1
  0.00000000000000000000E+00   7   3   2   1
  0.00000000000000000000E+00   7   3   2   2
  0.00000000000000000000E+00   7   3   3   1
  0.00000000000000000000E+00   7   3   3   2
  0.00000000000000000000E+00   7   3   3   3
  0.00000000000000000000E+00   7   3   4   1
  0.00000000000000000000E+00   7   3   4   2
  0.00000000000000000000E+00   7   3   4   3
  0.00000000000000000000E+00   7   3   4   4
  0.00000000000000000000E+00   7   3   5   1
  0.00000000000000000000E+00   7   3   5   2
  0.00000000000000000000E+00   7   3   5   3
  0.00000000000000000000E+00   7   3   5   4
  0.00000000000000000000E+00   7   3   5   5
  0.00000000000000000000E+00   7   3   6   1
  0.00000000000000000000E+00   7   3   6   2
  0.00000000000000000000E+00   7   3   6   3
  0.00000000000000000000E+00   7   3   6   4
  0.00000000000000000000E+00   7   3   6   5
  0.00000000000000000000E+00   7   3   6   6
  0.31322792684914883832E-01   7   3   7   1
  0.69921477553680532521E-03   7   3   7   2
  0.14702807438377715754E+00   7   3   7   3
  0.00000000000000000000E+00   7   4   1   1
  0.00000000000000000000E+00   7   4   2   1
  0.00000000000000000000E+00   7   4   2   2
  0.00000000000000000000E+00   7   4   3   1
  0.00000000000000000000E+00   7   4   3   2
  0.00000000000000000000E+00   7   4   3   3
  0.00000000000000000000E+00   7   4   4   1
  0.00000000000000000000E+00   7   4   4   2
  0.00000000000000000000E+00   7   4   4   3
  0.00000000000000000000E+00   7   4   4   4
  0.00000000000000000000E+00   7   4   5   1
  0.00000000000000000000E+00   7   4   5   2
  0.00000000000000000000E+00   7   4   5   3
  0.00000000000000000000E+00   7   4   5   4
  0.00000000000000000000E+00   7   4   5   5
  0.00000000000000000000E+00   7   4   6   1
  0.00000000000000000000E+00   7   4   6   2
  0.00000000000000000000E+00   7   4   6   3
  0.00000000000000000000E+00   7   4   6   4
  0.00000000000000000000E+00   7   4   6   5
  0.00000000000000000000E+00   7   4   6   6
 -0.88704244397623168567E-02   7   4   7   1
  0.17666346991489928226E-02   7   4   7   2
 -0.34534871664371497024E-01   7   4   7   3
  0.20354373088267856823E-01   7   4   7   4
  0.00000000000000000000E+00   7   5   1   1
  0.00000000000000000000E+00   7   5   2   1
  0.00000000000000000000E+00   7   5   2   2
  0.00000000000000000000E+00   7   5   3   1
  0.00000000000000000000E+00   7   5   3   2
  0.00000000000000000000E+00   7   5   3   3
  0.00000000000000000000E+00   7   5   4   1
  0.00000000000000000000E+00   7   5   4   2
  0.00000000000000000000E+00   7   5   4   3
  0.00000000000000000000E+00   7   5   4   4
  0.00000000000000000000E+00   7   5   5   1
  0.00000000000000000000E+00   7   5   5   2
  0.00000000000000000000E+00   7   5   5   3
  0.00000000000000000000E+00   7   5   5   4
  0.00000000000000000000E+00   7   5   5   5
  0.00000000000000000000E+00   7   5   6   1
  0.00000000000000000000E+00   7   5   6   2
  0.00000000000000000000E+00   7   5   6   3
  0.00000000000000000000E+00   7   5   6   4
  0.00000000000000000000E+00   7   5   6   5
  0.00000000000000000000E+00   7   5   6   6
  0.57852578290528882191E-02   7   5   7   1
  0.50907994511064319856E-04   7   5   7   2
  0.21801507564197533662E-01   7   5   7   3
 -0.11079775702953509678E-01   7   5   7   4
  0.16999900831489007935E-01   7   5   7   5
  0.00000000000000000000E+00   7   6   1   1
  0.00000000000000000000E+00   7   6   2   1
  0.00000000000000000000E+00   7   6   2   2
  0.00000000000000000000E+00   7   6   3   1
  0.00000000000000000000E+00   7   6   3   2
  0.00000000000000000000E+00   7   6   3   3
  0.00000000000000000000E+00   7   6   4   1
  0.00000000000000000000E+00   7   6   4   2
  0.00000000000000000000E+00   7   6   4   3
  0.00000000000000000000E+00   7   6   4   4
  0.00000000000000000000E+00   7   6   5   1
  0.00000000000000000000E+00   7   6   5   2
  0.00000000000000000000E+00   7   6   5   3
  0.00000000000000000000E+00   7   6   5   4
  0.00000000000000000000E+00   7   6   5   5
  0.00000000000000000000E+00   7   6   6   1
  0.00000000000000000000E+00   7   6   6   2
  0.00000000000000000000E+00   7   6   6   3
  0.00000000000000000000E+00   7   6   6   4
  0.00000000000000000000E+00   7   6   6   5
  0.00000000000000000000E+00   7   6   6   6
  0.42648836524252315902E-02   7   6   7   1
 -0.37690889225228948545E-03   7   6   7   2
  0.18094934677521858080E-01   7   6   7   3
  0.12617320804944941008E-02   7   6   7   4
 -0.14163640715724975724E-01   7   6   7   5
  0.35720404921480826410E-01   7   6   7   6
  0.10506725954799296385E+01   7   7   1   1
  0.16484719091478616619E-04   7   7   2   1
  0.32433494331110601649E+00   7   7   2   2
 -0.11799739118592443218E-01   7   7   3   1
  0.46027839191826330507E-03   7   7   3   2
  0.72725488927310166787E+00   7   7   3   3
  0.36977341558151223533E-02   7   7   4   1
 -0.93816513336401896606E-03   7   7   4   2
 -0.10158032662930703560E+00   7   7   4   3
  0.34770405767961243271E+00   7   7   4   4
 -0.26904413263792422220E-02   7   7   5   1
 -0.57856561132972701353E-02   7   7   5   2
  0.42988699793477316846E-01   7   7   5   3
 -0.10588592569325802617E+00   7   7   5   4
  0.41884249091805836329E+00   7   7   5   5
 -0.13373295742259213182E-02   7   7   6   1
 -0.37573290983166055153E-02   7   7   6   2
  0.59858475365764857168E-01   7   7   6   3
  0.32467126595664752564E-01   7   7   6   4
 -0.16339628185818030892E+00   7   7   6   5
  0.65808195179846962208E+00   7   7   6   6
  0.00000000000000000000E+00   7   7   7   1
  0.00000000000000000000E+00   7   7   7   2
  0.00000000000000000000E+00   7   7   7   3
  0.00000000000000000000E+00   7   7   7   4
  0.00000000000000000000E+00   7   7   7   5
  0.00000000000000000000E+00   7   7   7   6
  0.79488683683500305222E+00   7   7   7   7
  0.00000000000000000000E+00   8   1   1   1
  0.00000000000000000000E+00   8   1   2   1
  0.00000000000000000000E+00   8   1   2   2
  0.00000000000000000000E+00   8   1   3   1
  0.00000000000000000000E+00   8   1   3   2
  0.00000000000000000000E+00   8   1   3   3
  0.00000000000000000000E+00   8   1   4   1
  0.00000000000000000000E+00   8   1   4   2
  0.00000000000000000000E+00   8   1   4   3
  0.00000000000000000000E+00   8   1   4   4
  0.00000000000000000000E+00   8   1   5   1
  0.00000000000000000000E+00   8   1   5   2
  0.00000000000000000000E+00   8   1   5   3
  0.00000000000000000000E+00   8   1   5   4
  0.00000000000000000000E+00   8   1   5   5
  0.00000000000000000000E+00   8   1   6   1
  0.00000000000000000000E+00   8   1   6   2
  0.00000000000000000000E+00   8   1   6   3
  0.00000000000000000000E+00   8   1   6   4
  0.00000000000000000000E+00   8   1   6   5
  0.00000000000000000000E+00   8   1   6   6
 -0.73149813083807253833E-02   8   1   7   1
 -0.95858793998213266712E-05   8   1   7   2
 -0.95964476179668176115E-02   8   1   7   3
  0.26941703572526012715E-02   8   1   7   4
 -0.17892233859139769318E-02   8   1   7   5
 -0.12561331450408293794E-02   8   1   7   6
  0.00000000000000000000E+00   8   1   7   7
  0.22599059863479932855E-02   8   1   8   1
  0.00000000000000000000E+00   8   2   1   1
  0.00000000000000000000E+00   8   2   2   1
  0.00000000000000000000E+00   8   2   2   2
  0.00000000000000000000E+00   8   2   3   1
  0.00000000000000000000E+00   8   2   3   2
  0.00000000000000000000E+00   8   2   3   3
  0.00000000000000000000E+00   8   2   4   1
  0.00000000000000000000E+00   8   2   4   2
  0.00000000000000000000E+00   8   2   4   3
  0.00000000000000000000E+00   8   2   4   4
  0.00000000000000000000E+00   8   2   5   1
  0.00000000000000000000E+00   8   2   5   2
  0.00000000000000000000E+00   8   2   5   3
  0.00000000000000000000E+00   8   2   5   4
  0.00000000000000000000E+00   8   2   5   5
  0.00000000000000000000E+00   8   2   6   1
  0.00000000000000000000E+00   8   2   6   2
  0.00000000000000000000E+00   8   2   6   3
  0.00000000000000000000E+00   8   2   6   4
  0.00000000000000000000E+00   8   2   6   5
  0.00000000000000000000E+00   8   2   6   6
  0.13442264115903724761E-03   8   2   7   1
  0.51753066399053545762E-02   8   2   7   2
  0.30618746942116257040E-02   8   2   7   3
  0.67194745060180326168E-02   8   2   7   4
  0.31965028212790902451E-03   8   2   7   5
 -0.13224753025288583409E-02   8   2   7   6
  0.00000000000000000000E+00   8   2   7   7
 -0.76711498479160555018E-04   8   2   8   1
  0.20242431694459262631E-01   8   2   8   2
  0.00000000000000000000E+00   8   3   1   1
  0.00000000000000000000E+00   8   3   2   1
  0.00000000000000000000E+00   8   3   2   2
  0.00000000000000000000E+00   8   3   3   1
  0.00000000000000000000E+00   8   3   3   2
  0.00000000000000000000E+00   8   3   3   3
  0.00000000000000000000E+00   8   3   4   1
  0.00000000000000000000E+00   8   3   4   2
  0.00000000000000000000E+00   8   3   4   3
  0.00000000000000000000E+00   8   3   4   4
  0.00000000000000000000E+00   8   3   5   1
  0.00000000000000000000E+00   8   3   5   2
  0.00000000000000000000E+00   8   3   5   3
  0.00000000000000000000E+00   8   3   5   4
  0.00000000000000000000E+00   8   3   5   5
  0.00000000000000000000E+00   8   3   6   1
  0.00000000000000000000E+00   8   3   6   2
  0.00000000000000000000E+00   8   3   6   3
  0.00000000000000000000E+00   8   3   6   4
  0.00000000000000000000E+00   8   3   6   5
  0.00000000000000000000E+00   8   3   6   6
 -0.87688137597629299547E-02   8   3   7   1
  0.15381703444663861330E-02   8   3   7   2
 -0.34907775488105433070E-01   8   3   7   3
  0.17755765130390465528E-01   8   3   7   4
 -0.84722648075636411424E-02   8   3   7   5
 -0.55195399937895493064E-02   8   3   7   6
  0.00000000000000000000E+00   8   3   7   7
  0.26540044730621074540E-02   8   3   8   1
  0.58034867395590104475E-02   8   3   8   2
  0.17120796232850989116E-01   8   3   8   3
  0.00000000000000000000E+00   8   4   1   1
  0.00000000000000000000E+00   8   4   2   1
  0.00000000000000000000E+00   8   4   2   2
  0.00000000000000000000E+00   8   4   3   1
  0.00000000000000000000E+00   8   4   3   2
  0.00000000000000000000E+00   8   4   3   3
  0.00000000000000000000E+00   8   4   4   1
  0.00000000000000000000E+00   8   4   4   2
  0.00000000000000000000E+00   8   4   4   3
  0.00000000000000000000E+00   8   4   4   4
  0.00000000000000000000E+00   8   4   5   1
  0.00000000000000000000E+00   8   4   5   2
  0.00000000000000000000E+00   8   4   5   3
  0.00000000000000000000E+00   8   4   5   4
  0.00000000000000000000E+00   8   4   5   5
  0.00000000000000000000E+00   8   4   6   1
  0.00000000000000000000E+00   8   4   6   2
  0.00000000000000000000E+00   8   4   6   3
  0.00000000000000000000E+00   8   4   6   4
  0.00000000000000000000E+00   8   4   6   5
  0.00000000000000000000E+00   8   4   6   6
  0.38530494839093872711E-02   8   4   7   1
  0.67131986881117204635E-02   8   4   7   2
  0.30530667336185042526E-01   8   4   7   3
  0.24675692490004126622E-01   8   4   7   4
  0.42933431425473478696E-02   8   4   7   5
 -0.44437563272062448327E-02   8   4   7   6
  0.00000000000000000000E+00   8   4   7   7
 -0.13040788441465577408E-02   8   4   8   1
  0.26048283666458373065E-01   8   4   8   2
  0.20648712193277799637E-01   8   4   8   3
  0.11295223686339238289E+00   8   4   8   4
  0.00000000000000000000E+00   8   5   1   1
  0.00000000000000000000E+00   8   5   2   1
  0.00000000000000000000E+00   8   5   2   2
  0.00000000000000000000E+00   8   5   3   1
  0.00000000000000000000E+00   8   5   3   2
  0.00000000000000000000E+00   8   5   3   3
  0.00000000000000000000E+00   8   5   4   1
  0.00000000000000000000E+00   8   5   4   2
  0.00000000000000000000E+00   8   5   4   3
  0.00000000000000000000E+00   8   5   4   4
  0.00000000000000000000E+00   8   5   5   1
  0.00000000000000000000E+00   8   5   5   2
  0.00000000000000000000E+00   8   5   5   3
  0.00000000000000000000E+00   8   5   5   4
  0.00000000000000000000E+00   8   5   5   5
  0.00000000000000000000E+00   8   5   6   1
  0.00000000000000000000E+00   8   5   6   2
  0.00000000000000000000E+00   8   5   6   3
  0.00000000000000000000E+00   8   5   6   4
  0.00000000000000000000E+00   8   5   6   5
  0.00000000000000000000E+00   8   5   6   6
 -0.22935841807506743978E-02   8   5   7   1
  0.67139194893210977968E-03   8   5   7   2
 -0.12413443672180352745E-01   8   5   7   3
  0.67007957288447196620E-02   8   5   7   4
  0.34312933476057985022E-02   8   5   7   5
  0.59777337767556526851E-02   8   5   7   6
  0.00000000000000000000E+00   8   5   7   7
  0.72636314056977245406E-03   8   5   8   1
  0.27571418134812804464E-02   8   5   8   2
  0.18744282766262692318E-02   8   5   8   3
  0.12132403703655003993E-01   8   5   8   4
  0.27242754664168235268E-01   8   5   8   5
  0.00000000000000000000E+00   8   6   1   1
  0.00000000000000000000E+00   8   6   2   1
  0.00000000000000000000E+00   8   6   2   2
  0.00000000000000000000E+00   8   6   3   1
  0.00000000000000000000E+00   8   6   3   2
  0.00000000000000000000E+00   8   6   3   3
  0.00000000000000000000E+00   8   6   4   1
  0.00000000000000000000E+00   8   6   4   2
  0.00000000000000000000E+00   8   6   4   3
  0.00000000000000000000E+00   8   6   4   4
  0.00000000000000000000E+00   8   6   5   1
  0.00000000000000000000E+00   8   6   5   2
  0.00000000000000000000E+00   8   6   5   3
  0.00000000000000000000E+00   8   6   5   4
  0.00000000000000000000E+00   8   6   5   5
  0.00000000000000000000E+00   8   6   6   1
  0.00000000000000000000E+00   8   6   6   2
  0.00000000000000000000E+00   8   6   6   3
  0.00000000000000000000E+00   8   6   6   4
  0.00000000000000000000E+00   8   6   6   5
  0.00000000000000000000E+00   8   6   6   6
 -0.14487890216551362575E-02   8   6   7   1
 -0.16501429573784211734E-02   8   6   7   2
 -0.10732259672757293520E-01   8   6   7   3
 -0.76543686383524229405E-02   8   6   7   4
  0.87179597343995073044E-02   8   6   7   5
 -0.69815176043611639964E-02   8   6   7   6
  0.00000000000000000000E+00   8   6   7   7
  0.48587162826795043816E-03   8   6   8   1
 -0.63361302310611308797E-02   8   6   8   2
 -0.69619232056101851974E-02   8   6   8   3
 -0.24851213867645337990E-01   8   6   8   4
  0.11113436136249665170E-01   8   6   8   5
  0.18120336887388687613E-01   8   6   8   6
 -0.22516715859563932178E+00   8   7   1   1
 -0.10020562268407918533E-04   8   7   2   1
  0.14150441176332861914E+00   8   7   2   2
  0.36655600257409935369E-02   8   7   3   1
 -0.77457185607838162627E-03   8   7   3   2
 -0.11800631958344078021E+00   8   7   3   3
 -0.91353700315423172311E-03   8   7   4   1
 -0.26144622127338779452E-02   8   7   4   2
  0.53380056245100733492E-01   8   7   4   3
  0.61989247502102128029E-01   8   7   4   4
  0.11590139963098851220E-03   8   7   5   1
  0.98169158027406082032E-03   8   7   5   2
 -0.30993846780695333276E-01   8   7   5   3
  0.40816917958709224290E-01   8   7   5   4
  0.25523446654685040536E-01   8   7   5   5
  0.20692521558521212964E-02   8   7   6   1
  0.14445663691537854404E-02   8   7   6   2
 -0.15904150301950380209E-01   8   7   6   3
 -0.28605795496852281373E-01   8   7   6   4
  0.83944156816152970535E-01   8   7   6   5
 -0.77415851257294832077E-01   8   7   6   6
  0.00000000000000000000E+00   8   7   7   1
  0.00000000000000000000E+00   8   7   7   2
  0.00000000000000000000E+00   8   7   7   3
  0.00000000000000000000E+00   8   7   7   4
  0.00000000000000000000E+00   8   7   7   5
  0.00000000000000000000E+00   8   7   7   6
 -0.14112166818118271339E+00   8   7   7   7
  0.00000000000000000000E+00   8   7   8   1
  0.00000000000000000000E+00   8   7   8   2
  0.00000000000000000000E+00   8   7   8   3
  0.00000000000000000000E+00   8   7   8   4
  0.00000000000000000000E+00   8   7   8   5
  0.00000000000000000000E+00   8   7   8   6
  0.68262073214410745603E-01   8   7   8   7
  0.34675972558460510520E+00   8   8   1   1
 -0.97263892639997888521E-05   8   8   2   1
  0.81518315305128430381E+00   8   8   2   2
 -0.10656380738825149516E-02   8   8   3   1
 -0.25732936590959825870E-02   8   8   3   2
  0.34531087016087635977E+00   8   8   3   3
  0.78738530631666196064E-03   8   8   4   1
 -0.10397622805849568092E-01   8   8   4   2
  0.68350758072644623997E-01   8   8   4   3
  0.56204541693183951434E+00   8   8   4   4
 -0.18007531918950781587E-02   8   8   5   1
 -0.11418831624038952403E-02   8   8   5   2
 -0.48117899686666083803E-01   8   8   5   3
  0.36417896210425099168E-01   8   8   5   4
  0.51088702937085783695E+00   8   8   5   5
  0.38065870102042282525E-02   8   8   6   1
  0.21382526043707680494E-02   8   8   6   2
  0.12033193144558168575E-03   8   8   6   3
 -0.55451684988997836101E-01   8   8   6   4
  0.11073295868876688319E+00   8   8   6   5
  0.41057457436782762716E+00   8   8   6   6
  0.00000000000000000000E+00   8   8   7   1
  0.00000000000000000000E+00   8   8   7   2
  0.00000000000000000000E+00   8   8   7   3
  0.00000000000000000000E+00   8   8   7   4
  0.00000000000000000000E+00   8   8   7   5
  0.00000000000000000000E+00   8   8   7   6
  0.34382863963281506958E+00   8   8   7   7
  0.00000000000000000000E+00   8   8   8   1
  0.00000000000000000000E+00   8   8   8   2
  0.00000000000000000000E+00   8   8   8   3
  0.00000000000000000000E+00   8   8   8   4
  0.00000000000000000000E+00   8   8   8   5
  0.00000000000000000000E+00   8   8   8   6
  0.81461305482893250907E-01   8   8   8   7
  0.62472738098324265277E+00   8   8   8   8
  0.00000000000000000000E+00   9   1   1   1
  0.00000000000000000000E+00   9   1   2   1
  0.00000000000000000000E+00   9   1   2   2
  0.00000000000000000000E+00   9   1   3   1
  0.00000000000000000000E+00   9   1   3   2
  0.00000000000000000000E+00   9   1   3   3
  0.00000000000000000000E+00   9   1   4   1
  0.00000000000000000000E+00   9   1   4   2
  0.00000000000000000000E+00   9   1   4   3
  0.00000000000000000000E+00   9   1   4   4
  0.00000000000000000000E+00   9   1   5   1
  0.00000000000000000000E+00   9   1   5   2
  0.00000000000000000000E+00   9   1   5   3
  0.00000000000000000000E+00   9   1   5   4
  0.00000000000000000000E+00   9   1   5   5
  0.00000000000000000000E+00   9   1   6   1
  0.00000000000000000000E+00   9   1   6   2
  0.00000000000000000000E+00   9   1   6   3
  0.00000000000000000000E+00   9   1   6   4
  0.00000000000000000000E+00   9   1   6   5
  0.00000000000000000000E+00   9   1   6   6
  0.00000000000000000000E+00   9   1   7   1
  0.00000000000000000000E+00   9   1   7   2
  0.00000000000000000000E+00   9   1   7   3
  0.00000000000000000000E+00   9   1   7   4
  0.00000000000000000000E+00   9   1   7   5
  0.00000000000000000000E+00   9   1   7   6
  0.00000000000000000000E+00   9   1   7   7
  0.00000000000000000000E+00   9   1   8   1
  0.00000000000000000000E+00   9   1   8   2
  0.00000000000000000000E+00   9   1   8   3
  0.00000000000000000000E+00   9   1   8   4
  0.00000000000000000000E+00   9   1   8   5
  0.00000000000000000000E+00   9   1   8   6
  0.00000000000000000000E+00   9   1   8   7
  0.00000000000000000000E+00   9   1   8   8
  0.23681694785523198232E-01   9   1   9   1
  0.00000000000000000000E+00   9   2   1   1
  0.00000000000000000000E+00   9   2   2   1
  0.00000000000000000000E+00   9   2   2   2
  0.00000000000000000000E+00   9   2   3   1
  0.00000000000000000000E+00   9   2   3   2
  0.00000000000000000000E+00   9   2   3   3
  0.00000000000000000000E+00   9   2   4   1
  0.00000000000000000000E+00   9   2   4   2
  0.00000000000000000000E+00   9   2   4   3
  0.00000000000000000000E+00   9   2   4   4
  0.00000000000000000000E+00   9   2   5   1
  0.00000000000000000000E+00   9   2   5   2
  0.00000000000000000000E+00   9   2   5   3
  0.00000000000000000000E+00   9   2   5   4
  0.00000000000000000000E+00   9   2   5   5
  0.00000000000000000000E+00   9   2   6   1
  0.00000000000000000000E+00   9   2   6   2
  0.00000000000000000000E+00   9   2   6   3
  0.00000000000000000000E+00   9   2   6   4
  0.00000000000000000000E+00   9   2   6   5
  0.00000000000000000000E+00   9   2   6   6
  0.00000000000000000000E+00   9   2   7   1
  0.00000000000000000000E+00   9   2   7   2
  0.00000000000000000000E+00   9   2   7   3
  0.00000000000000000000E+00   9   2   7   4
  0.00000000000000000000E+00   9   2   7   5
  0.00000000000000000000E+00   9   2   7   6
  0.00000000000000000000E+00   9   2   7   7
  0.00000000000000000000E+00   9   2   8   1
  0.00000000000000000000E+00   9   2   8   2
  0.00000000000000000000E+00   9   2   8   3
  0.00000000000000000000E+00   9   2   8   4
  0.00000000000000000000E+00   9   2   8   5
  0.00000000000000000000E+00   9   2   8   6
  0.00000000000000000000E+00   9   2   8   7
  0.00000000000000000000E+00   9   2   8   8
  0.14822286379361153867E-05   9   2   9   1
  0.13235154127560900920E-02   9   2   9   2
  0.00000000000000000000E+00   9   3   1   1
  0.00000000000000000000E+00   9   3   2   1
  0.00000000000000000000E+00   9   3   2   2
  0.00000000000000000000E+00   9   3   3   1
  0.00000000000000000000E+00   9   3   3   2
  0.00000000000000000000E+00   9   3   3   3
  0.00000000000000000000E+00   9   3   4   1
  0.00000000000000000000E+00   9   3   4   2
  0.00000000000000000000E+00   9   3   4   3
  0.00000000000000000000E+00   9   3   4   4
  0.00000000000000000000E+00   9   3   5   1
  0.00000000000000000000E+00   9   3   5   2
  0.00000000000000000000E+00   9   3   5   3
  0.00000000000000000000E+00   9   3   5   4
  0.00000000000000000000E+00   9   3   5   5
  0.00000000000000000000E+00   9   3   6   1
  0.00000000000000000000E+00   9   3   6   2
  0.00000000000000000000E+00   9   3   6   3
  0.00000000000000000000E+00   9   3   6   4
  0.00000000000000000000E+00   9   3   6   5
  0.00000000000000000000E+00   9   3   6   6
  0.00000000000000000000E+00   9   3   7   1
  0.00000000000000000000E+00   9   3   7   2
  0.00000000000000000000E+00   9   3   7   3
  0.00000000000000000000E+00   9   3   7   4
  0.00000000000000000000E+00   9   3   7   5
  0.00000000000000000000E+00   9   3   7   6
  0.00000000000000000000E+00   9   3   7   7
  0.00000000000000000000E+00   9   3   8   1
  0.00000000000000000000E+00   9   3   8   2
  0.00000000000000000000E+00   9   3   8   3
  0.00000000000000000000E+00   9   3   8   4
  0.00000000000000000000E+00   9   3   8   5
  0.00000000000000000000E+00   9   3   8   6
  0.00000000000000000000E+00   9   3   8   7
  0.00000000000000000000E+00   9   3   8   8
  0.31322792684914925465E-01   9   3   9   1
  0.69921477553679470002E-03   9   3   9   2
  0.14702807438377732407E+00   9   3   9   3
  0.00000000000000000000E+00   9   4   1   1
  0.00000000000000000000E+00   9   4   2   1
  0.00000000000000000000E+00   9   4   2   2
  0.00000000000000000000E+00   9   4   3   1
  0.00000000000000000000E+00   9   4   3   2
  0.00000000000000000000E+00   9   4   3   3
  0.00000000000000000000E+00   9   4   4   1
  0.00000000000000000000E+00   9   4   4   2
  0.00000000000000000000E+00   9   4   4   3
  0.00000000000000000000E+00   9   4   4   4
  0.00000000000000000000E+00   9   4   5   1
  0.00000000000000000000E+00   9   4   5   2
  0.00000000000000000000E+00   9   4   5   3
  0.00000000000000000000E+00   9   4   5   4
  0.00000000000000000000E+00   9   4   5   5
  0.00000000000000000000E+00   9   4   6   1
  0.00000000000000000000E+00   9   4   6   2
  0.00000000000000000000E+00   9   4   6   3
  0.00000000000000000000E+00   9   4   6   4
  0.00000000000000000000E+00   9   4   6   5
  0.00000000000000000000E+00   9   4   6   6
  0.00000000000000000000E+00   9   4   7   1
  0.00000000000000000000E+00   9   4   7   2
  0.00000000000000000000E+00   9   4   7   3
  0.00000000000000000000E+00   9   4   7   4
  0.00000000000000000000E+00   9   4   7   5
  0.00000000000000000000E+00   9   4   7   6
  0.00000000000000000000E+00   9   4   7   7
  0.00000000000000000000E+00   9   4   8   1
  0.00000000000000000000E+00   9   4   8   2
  0.00000000000000000000E+00   9   4   8   3
  0.00000000000000000000E+00   9   4   8   4
  0.00000000000000000000E+00   9   4   8   5
  0.00000000000000000000E+00   9   4   8   6
  0.00000000000000000000E+00   9   4   8   7
  0.00000000000000000000E+00   9   4   8   8
 -0.88704244397623289997E-02   9   4   9   1
  0.17666346991489626818E-02   9   4   9   2
 -0.34534871664371621924E-01   9   4   9   3
  0.20354373088267742331E-01   9   4   9   4
  0.00000000000000000000E+00   9   5   1   1
  0.00000000000000000000E+00   9   5   2   1
  0.00000000000000000000E+00   9   5   2   2
  0.00000000000000000000E+00   9   5   3   1
  0.00000000000000000000E+00   9   5   3   2
  0.00000000000000000000E+00   9   5   3   3
  0.00000000000000000000E+00   9   5   4   1
  0.00000000000000000000E+00   9   5   4   2
  0.00000000000000000000E+00   9   5   4   3
  0.00000000000000000000E+00   9   5   4   4
  0.00000000000000000000E+00   9   5   5   1
  0.00000000000000000000E+00   9   5   5   2
  0.00000000000000000000E+00   9   5   5   3
  0.00000000000000000000E+00   9   5   5   4
  0.00000000000000000000E+00   9   5   5   5
  0.00000000000000000000E+00   9   5   6   1
  0.00000000000000000000E+00   9   5   6   2
  0.00000000000000000000E+00   9   5   6   3
  0.00000000000000000000E+00   9   5   6   4
  0.00000000000000000000E+00   9   5   6   5
  0.00000000000000000000E+00   9   5   6   6
  0.00000000000000000000E+00   9   5   7   1
  0.00000000000000000000E+00   9   5   7   2
  0.00000000000000000000E+00   9   5   7   3
  0.00000000000000000000E+00   9   5   7   4
  0.00000000000000000000E+00   9   5   7   5
  0.00000000000000000000E+00   9   5   7   6
  0.00000000000000000000E+00   9   5   7   7
  0.00000000000000000000E+00   9   5   8   1
  0.00000000000000000000E+00   9   5   8   2
  0.00000000000000000000E+00   9   5   8   3
  0.00000000000000000000E+00   9   5   8   4
  0.00000000000000000000E+00   9   5   8   5
  0.00000000000000000000E+00   9   5   8   6
  0.00000000000000000000E+00   9   5   8   7
  0.00000000000000000000E+00   9   5   8   8
  0.57852578290528942906E-02   9   5   9   1
  0.50907994511062029479E-04   9   5   9   2
  0.21801507564197592642E-01   9   5   9   3
 -0.11079775702953535699E-01   9   5   9   4
  0.16999900831488994057E-01   9   5   9   5
  0.00000000000000000000E+00   9   6   1   1
  0.00000000000000000000E+00   9   6   2   1
  0.00000000000000000000E+00   9   6   2   2
  0.00000000000000000000E+00   9   6   3   1
  0.00000000000000000000E+00   9   6   3   2
  0.00000000000000000000E+00   9   6   3   3
  0.00000000000000000000E+00   9   6   4   1
  0.00000000000000000000E+00   9   6   4   2
  0.00000000000000000000E+00   9   6   4   3
  0.00000000000000000000E+00   9   6   4   4
  0.00000000000000000000E+00   9   6   5   1
  0.00000000000000000000E+00   9   6   5   2
  0.00000000000000000000E+00   9   6   5   3
  0.00000000000000000000E+00   9   6   5   4
  0.00000000000000000000E+00   9   6   5   5
  0.00000000000000000000E+00   9   6   6   1
  0.00000000000000000000E+00   9   6   6   2
  0.00000000000000000000E+00   9   6   6   3
  0.00000000000000000000E+00   9   6   6   4
  0.00000000000000000000E+00   9   6   6   5
  0.00000000000000000000E+00   9   6   6   6
  0.00000000000000000000E+00   9   6   7   1
  0.00000000000000000000E+00   9   6   7   2
  0.00000000000000000000E+00   9   6   7   3
  0.00000000000000000000E+00   9   6   7   4
  0.00000000000000000000E+00   9   6   7   5
  0.00000000000000000000E+00   9   6   7   6
  0.00000000000000000000E+00   9   6   7   7
  0.00000000000000000000E+00   9   6   8   1
  0.00000000000000000000E+00   9   6   8   2
  0.00000000000000000000E+00   9   6   8   3
  0.00000000000000000000E+00   9   6   8   4
  0.00000000000000000000E+00   9   6   8   5
  0.00000000000000000000E+00   9   6   8   6
  0.00000000000000000000E+00   9   6   8   7
  0.00000000000000000000E+00   9   6   8   8
  0.42648836524252350597E-02   9   6   9   1
 -0.37690889225228276340E-03   9   6   9   2
  0.18094934677521878896E-01   9   6   9   3
  0.12617320804945242416E-02   9   6   9   4
 -0.14163640715725008684E-01   9   6   9   5
  0.35720404921480861105E-01   9   6   9   6
  0.00000000000000000000E+00   9   7   1   1
  0.00000000000000000000E+00   9   7   2   1
  0.00000000000000000000E+00   9   7   2   2
  0.00000000000000000000E+00   9   7   3   1
  0.00000000000000000000E+00   9   7   3   2
  0.00000000000000000000E+00   9   7   3   3
  0.00000000000000000000E+00   9   7   4   1
  0.00000000000000000000E+00   9   7   4   2
  0.00000000000000000000E+00   9   7   4   3
  0.00000000000000000000E+00   9   7   4   4
  0.00000000000000000000E+00   9   7   5   1
  0.00000000000000000000E+00   9   7   5   2
  0.00000000000000000000E+00   9   7   5   3
  0.00000000000000000000E+00   9   7   5   4
  0.00000000000000000000E+00   9   7   5   5
  0.00000000000000000000E+00   9   7   6   1
  0.00000000000000000000E+00   9   7   6   2
  0.00000000000000000000E+00   9   7   6   3
  0.00000000000000000000E+00   9   7   6   4
  0.00000000000000000000E+00   9   7   6   5
  0.00000000000000000000E+00   9   7   6   6
  0.00000000000000000000E+00   9   7   7   1
  0.00000000000000000000E+00   9   7   7   2
  0.00000000000000000000E+00   9   7   7   3
  0.00000000000000000000E+00   9   7   7   4
  0.00000000000000000000E+00   9   7   7   5
  0.00000000000000000000E+00   9   7   7   6
  0.00000000000000000000E+00   9   7   7   7
  0.00000000000000000000E+00   9   7   8   1
  0.00000000000000000000E+00   9   7   8   2
  0.00000000000000000000E+00   9   7   8   3
  0.00000000000000000000E+00   9   7   8   4
  0.00000000000000000000E+00   9   7   8   5
  0.00000000000000000000E+00   9   7   8   6
  0.00000000000000000000E+00   9   7   8   7
  0.00000000000000000000E+00   9   7   8   8
  0.00000000000000000000E+00   9   7   9   1
  0.00000000000000000000E+00   9   7   9   2
  0.00000000000000000000E+00   9   7   9   3
  0.00000000000000000000E+00   9   7   9   4
  0.00000000000000000000E+00   9   7   9   5
  0.00000000000000000000E+00   9   7   9   6
  0.40783773772247192135E-01   9   7   9   7
  0.00000000000000000000E+00   9   8   1   1
  0.00000000000000000000E+00   9   8   2   1
  0.00000000000000000000E+00   9   8   2   2
  0.00000000000000000000E+00   9   8   3   1
  0.00000000000000000000E+00   9   8   3   2
  0.00000000000000000000E+00   9   8   3   3
  0.00000000000000000000E+00   9   8   4   1
  0.00000000000000000000E+00   9   8   4   2
  0.00000000000000000000E+00   9   8   4   3
  0.00000000000000000000E+00   9   8   4   4
  0.00000000000000000000E+00   9   8   5   1
  0.00000000000000000000E+00   9   8   5   2
  0.00000000000000000000E+00   9   8   5   3
  0.00000000000000000000E+00   9   8   5   4
  0.00000000000000000000E+00   9   8   5   5
  0.00000000000000000000E+00   9   8   6   1
  0.00000000000000000000E+00   9   8   6   2
  0.00000000000000000000E+00   9   8   6   3
  0.00000000000000000000E+00   9   8   6   4
  0.00000000000000000000E+00   9   8   6   5
  0.00000000000000000000E+00   9   8   6   6
  0.00000000000000000000E+00   9   8   7   1
  0.00000000000000000000E+00   9   8   7   2
  0.00000000000000000000E+00   9   8   7   3
  0.00000000000000000000E+00   9   8   7   4
  0.00000000000000000000E+00   9   8   7   5
  0.00000000000000000000E+00   9   8   7   6
  0.00000000000000000000E+00   9   8   7   7
  0.00000000000000000000E+00   9   8   8   1
  0.00000000000000000000E+00   9   8   8   2
  0.00000000000000000000E+00   9   8   8   3
  0.00000000000000000000E+00   9   8   8   4
  0.00000000000000000000E+00   9   8   8   5
  0.00000000000000000000E+00   9   8   8   6
  0.00000000000000000000E+00   9   8   8   7
  0.00000000000000000000E+00   9   8   8   8
  0.00000000000000000000E+00   9   8   9   1
  0.00000000000000000000E+00   9   8   9   2
  0.00000000000000000000E+00   9   8   9   3
  0.00000000000000000000E+00   9   8   9   4
  0.00000000000000000000E+00   9   8   9   5
  0.00000000000000000000E+00   9   8   9   6
 -0.10885100178245243202E-01   9   8   9   7
  0.56023259065391293673E-02   9   8   9   8
  0.10506725954799300826E+01   9   9   1   1
  0.16484719091478711487E-04   9   9   2   1
  0.32433494331110535036E+00   9   9   2   2
 -0.11799739118592415463E-01   9   9   3   1
  0.46027839191826503979E-03   9   9   3   2
  0.72725488927310211196E+00   9   9   3   3
  0.36977341558151110776E-02   9   9   4   1
 -0.93816513336400422091E-03   9   9   4   2
 -0.10158032662930728540E+00   9   9   4   3
  0.34770405767961215515E+00   9   9   4   4
 -0.26904413263792378852E-02   9   9   5   1
 -0.57856561132972727374E-02   9   9   5   2
  0.42988699793477525013E-01   9   9   5   3
 -0.10588592569325820658E+00   9   9   5   4
  0.41884249091805825227E+00   9   9   5   5
 -0.13373295742259310760E-02   9   9   6   1
 -0.37573290983166107194E-02   9   9   6   2
  0.59858475365764933496E-01   9   9   6   3
  0.32467126595664877464E-01   9   9   6   4
 -0.16339628185818066974E+00   9   9   6   5
  0.65808195179846995515E+00   9   9   6   6
  0.00000000000000000000E+00   9   9   7   1
  0.00000000000000000000E+00   9   9   7   2
  0.00000000000000000000E+00   9   9   7   3
  0.00000000000000000000E+00   9   9   7   4
  0.00000000000000000000E+00   9   9   7   5
  0.00000000000000000000E+00   9   9   7   6
  0.71331928929050947286E+00   9   9   7   7
  0.00000000000000000000E+00   9   9   8   1
  0.00000000000000000000E+00   9   9   8   2
  0.00000000000000000000E+00   9   9   8   3
  0.00000000000000000000E+00   9   9   8   4
  0.00000000000000000000E+00   9   9   8   5
  0.00000000000000000000E+00   9   9   8   6
 -0.11935146782469262250E+00   9   9   8   7
  0.33096213953209707714E+00   9   9   8   8
  0.00000000000000000000E+00   9   9   9   1
  0.00000000000000000000E+00   9   9   9   2
  0.00000000000000000000E+00   9   9   9   3
  0.00000000000000000000E+00   9   9   9   4
  0.00000000000000000000E+00   9   9   9   5
  0.00000000000000000000E+00   9   9   9   6
  0.00000000000000000000E+00   9   9   9   7
  0.00000000000000000000E+00   9   9   9   8
  0.79488683683500394039E+00   9   9   9   9
  0.00000000000000000000E+00  10   1   1   1
  0.00000000000000000000E+00  10   1   2   1
  0.00000000000000000000E+00  10   1   2   2
  0.00000000000000000000E+00  10   1   3   1
  0.00000000000000000000E+00  10   1   3   2
  0.00000000000000000000E+00  10   1   3   3
  0.00000000000000000000E+00  10   1   4   1
  0.00000000000000000000E+00  10   1   4   2
  0.00000000000000000000E+00  10   1   4   3
  0.00000000000000000000E+00  10   1   4   4
  0.00000000000000000000E+00  10   1   5   1
  0.00000000000000000000E+00  10   1   5   2
  0.00000000000000000000E+00  10   1   5   3
  0.00000000000000000000E+00  10   1   5   4
  0.00000000000000000000E+00  10   1   5   5
  0.00000000000000000000E+00  10   1   6   1
  0.00000000000000000000E+00  10   1   6   2
  0.00000000000000000000E+00  10   1   6   3
  0.00000000000000000000E+00  10   1   6   4
  0.00000000000000000000E+00  10   1   6   5
  0.00000000000000000000E+00  10   1   6   6
  0.00000000000000000000E+00  10   1   7   1
  0.00000000000000000000E+00  10   1   7   2
  0.00000000000000000000E+00  10   1   7   3
  0.00000000000000000000E+00  10   1   7   4
  0.00000000000000000000E+00  10   1   7   5
  0.00000000000000000000E+00  10   1   7   6
  0.00000000000000000000E+00  10   1   7   7
  0.00000000000000000000E+00  10   1   8   1
  0.00000000000000000000E+00  10   1   8   2
  0.00000000000000000000E+00  10   1   8   3
  0.00000000000000000000E+00  10   1   8   4
  0.00000000000000000000E+00  10   1   8   5
  0.00000000000000000000E+00  10   1   8   6
  0.00000000000000000000E+00  10   1   8   7
  0.00000000000000000000E+00  10   1   8   8
 -0.73149813083806768110E-02  10   1   9   1
 -0.95858793998211555706E-05  10   1   9   2
 -0.95964476179667516920E-02  10   1   9   3
  0.26941703572525834906E-02  10   1   9   4
 -0.17892233859139656561E-02  10   1   9   5
 -0.12561331450408209226E-02  10   1   9   6
  0.00000000000000000000E+00  10   1   9   7
  0.00000000000000000000E+00  10   1   9   8
  0.00000000000000000000E+00  10   1   9   9
  0.22599059863479607595E-02  10   1  10   1
  0.00000000000000000000E+00  10   2   1   1
  0.00000000000000000000E+00  10   2   2   1
  0.00000000000000000000E+00  10   2   2   2
  0.00000000000000000000E+00  10   2   3   1
  0.00000000000000000000E+00  10   2   3   2
  0.00000000000000000000E+00  10   2   3   3
  0.00000000000000000000E+00  10   2   4   1
  0.00000000000000000000E+00  10   2   4   2
  0.00000000000000000000E+00  10   2   4   3
  0.00000000000000000000E+00  10   2   4   4
  0.00000000000000000000E+00  10   2   5   1
  0.00000000000000000000E+00  10   2   5   2
  0.00000000000000000000E+00  10   2   5   3
  0.00000000000000000000E+00  10   2   5   4
  0.00000000000000000000E+00  10   2   5   5
  0.00000000000000000000E+00  10   2   6   1
  0.00000000000000000000E+00  10   2   6   2
  0.00000000000000000000E+00  10   2   6   3
  0.00000000000000000000E+00  10   2   6   4
  0.00000000000000000000E+00  10   2   6   5
  0.00000000000000000000E+00  10   2   6   6
  0.00000000000000000000E+00  10   2   7   1
  0.00000000000000000000E+00  10   2   7   2
  0.00000000000000000000E+00  10   2   7   3
  0.00000000000000000000E+00  10   2   7   4
  0.00000000000000000000E+00  10   2   7   5
  0.00000000000000000000E+00  10   2   7   6
  0.00000000000000000000E+00  10   2   7   7
  0.00000000000000000000E+00  10   2   8   1
  0.00000000000000000000E+00  10   2   8   2
  0.00000000000000000000E+00  10   2   8   3
  0.00000000000000000000E+00  10   2   8   4
  0.00000000000000000000E+00  10   2   8   5
  0.00000000000000000000E+00  10   2   8   6
  0.00000000000000000000E+00  10   2   8   7
  0.00000000000000000000E+00  10   2   8   8
  0.13442264115903743735E-03  10   2   9   1
  0.51753066399053103408E-02  10   2   9   2
  0.30618746942116135609E-02  10   2   9   3
  0.67194745060179762383E-02  10   2   9   4
  0.31965028212790327824E-03  10   2   9   5
 -0.13224753025288448968E-02  10   2   9   6
  0.00000000000000000000E+00  10   2   9   7
  0.00000000000000000000E+00  10   2   9   8
  0.00000000000000000000E+00  10   2   9   9
 -0.76711498479160243310E-04  10   2  10   1
  0.20242431694459273039E-01  10   2  10   2
  0.00000000000000000000E+00  10   3   1   1
  0.00000000000000000000E+00  10   3   2   1
  0.00000000000000000000E+00  10   3   2   2
  0.00000000000000000000E+00  10   3   3   1
  0.00000000000000000000E+00  10   3   3   2
  0.00000000000000000000E+00  10   3   3   3
  0.00000000000000000000E+00  10   3   4   1
  0.00000000000000000000E+00  10   3   4   2
  0.00000000000000000000E+00  10   3   4   3
  0.00000000000000000000E+00  10   3   4   4
  0.00000000000000000000E+00  10   3   5   1
  0.00000000000000000000E+00  10   3   5   2
  0.00000000000000000000E+00  10   3   5   3
  0.00000000000000000000E+00  10   3   5   4
  0.00000000000000000000E+00  10   3   5   5
  0.00000000000000000000E+00  10   3   6   1
  0.00000000000000000000E+00  10   3   6   2
  0.00000000000000000000E+00  10   3   6   3
  0.00000000000000000000E+00  10   3   6   4
  0.00000000000000000000E+00  10   3   6   5
  0.00000000000000000000E+00  10   3   6   6
  0.00000000000000000000E+00  10   3   7   1
  0.00000000000000000000E+00  10   3   7   2
  0.00000000000000000000E+00  10   3   7   3
  0.00000000000000000000E+00  10   3   7   4
  0.00000000000000000000E+00  10   3   7   5
  0.00000000000000000000E+00  10   3   7   6
  0.00000000000000000000E+00  10   3   7   7
  0.00000000000000000000E+00  10   3   8   1
  0.00000000000000000000E+00  10   3   8   2
  0.00000000000000000000E+00  10   3   8   3
  0.00000000000000000000E+00  10   3   8   4
  0.00000000000000000000E+00  10   3   8   5
  0.00000000000000000000E+00  10   3   8   6
  0.00000000000000000000E+00  10   3   8   7
  0.00000000000000000000E+00  10   3   8   8
 -0.87688137597628640352E-02  10   3   9   1
  0.15381703444663739899E-02  10   3   9   2
 -0.34907775488105141637E-01  10   3   9   3
  0.17755765130390337159E-01  10   3   9   4
 -0.84722648075635943049E-02  10   3   9   5
 -0.55195399937894937953E-02  10   3   9   6
  0.00000000000000000000E+00  10   3   9   7
  0.00000000000000000000E+00  10   3   9   8
  0.00000000000000000000E+00  10   3   9   9
  0.26540044730620653869E-02  10   3  10   1
  0.58034867395590182537E-02  10   3  10   2
  0.17120796232850826052E-01  10   3  10   3
  0.00000000000000000000E+00  10   4   1   1
  0.00000000000000000000E+00  10   4   2   1
  0.00000000000000000000E+00  10   4   2   2
  0.00000000000000000000E+00  10   4   3   1
  0.00000000000000000000E+00  10   4   3   2
  0.00000000000000000000E+00  10   4   3   3
  0.00000000000000000000E+00  10   4   4   1
  0.00000000000000000000E+00  10   4   4   2
  0.00000000000000000000E+00  10   4   4   3
  0.00000000000000000000E+00  10   4   4   4
  0.00000000000000000000E+00  10   4   5   1
  0.00000000000000000000E+00  10   4   5   2
  0.00000000000000000000E+00  10   4   5   3
  0.00000000000000000000E+00  10   4   5   4
  0.00000000000000000000E+00  10   4   5   5
  0.00000000000000000000E+00  10   4   6   1
  0.00000000000000000000E+00  10   4   6   2
  0.00000000000000000000E+00  10   4   6   3
  0.00000000000000000000E+00  10   4   6   4
  0.00000000000000000000E+00  10   4   6   5
  0.00000000000000000000E+00  10   4   6   6
  0.00000000000000000000E+00  10   4   7   1
  0.00000000000000000000E+00  10   4   7   2
  0.00000000000000000000E+00  10   4   7   3
  0.00000000000000000000E+00  10   4   7   4
  0.00000000000000000000E+00  10   4   7   5
  0.00000000000000000000E+00  10   4   7   6
  0.00000000000000000000E+00  10   4   7   7
  0.00000000000000000000E+00  10   4   8   1
  0.00000000000000000000E+00  10   4   8   2
  0.00000000000000000000E+00  10   4   8   3
  0.00000000000000000000E+00  10   4   8   4
  0.00000000000000000000E+00  10   4   8   5
  0.00000000000000000000E+00  10   4   8   6
  0.00000000000000000000E+00  10   4   8   7
  0.00000000000000000000E+00  10   4   8   8
  0.38530494839093694902E-02  10   4   9   1
  0.67131986881116640850E-02  10   4   9   2
  0.30530667336184914157E-01  10   4   9   3
  0.24675692490003897639E-01  10   4   9   4
  0.42933431425472949605E-02  10   4   9   5
 -0.44437563272061823827E-02  10   4   9   6
  0.00000000000000000000E+00  10   4   9   7
  0.00000000000000000000E+00  10   4   9   8
  0.00000000000000000000E+00  10   4   9   9
 -0.13040788441465425620E-02  10   4  10   1
  0.26048283666458386942E-01  10   4  10   2
  0.20648712193277896781E-01  10   4  10   3
  0.11295223686339242453E+00  10   4  10   4
  0.00000000000000000000E+00  10   5   1   1
  0.00000000000000000000E+00  10   5   2   1
  0.00000000000000000000E+00  10   5   2   2
  0.00000000000000000000E+00  10   5   3   1
  0.00000000000000000000E+00  10   5   3   2
  0.00000000000000000000E+00  10   5   3   3
  0.00000000000000000000E+00  10   5   4   1
  0.00000000000000000000E+00  10   5   4   2
  0.00000000000000000000E+00  10   5   4   3
  0.00000000000000000000E+00  10   5   4   4
  0.00000000000000000000E+00  10   5   5   1
  0.00000000000000000000E+00  10   5   5   2
  0.00000000000000000000E+00  10   5   5   3
  0.00000000000000000000E+00  10   5   5   4
  0.00000000000000000000E+00  10   5   5   5
  0.00000000000000000000E+00  10   5   6   1
  0.00000000000000000000E+00  10   5   6   2
  0.00000000000000000000E+00  10   5   6   3
  0.00000000000000000000E+00  10   5   6   4
  0.00000000000000000000E+00  10   5   6   5
  0.00000000000000000000E+00  10   5   6   6
  0.00000000000000000000E+00  10   5   7   1
  0.00000000000000000000E+00  10   5   7   2
  0.00000000000000000000E+00  10   5   7   3
  0.00000000000000000000E+00  10   5   7   4
  0.00000000000000000000E+00  10   5   7   5
  0.00000000000000000000E+00  10   5   7   6
  0.00000000000000000000E+00  10   5   7   7
  0.00000000000000000000E+00  10   5   8   1
  0.00000000000000000000E+00  10   5   8   2
  0.00000000000000000000E+00  10   5   8   3
  0.00000000000000000000E+00  10   5   8   4
  0.00000000000000000000E+00  10   5   8   5
  0.00000000000000000000E+00  10   5   8   6
  0.00000000000000000000E+00  10   5   8   7
  0.00000000000000000000E+00  10   5   8   8
 -0.22935841807506626884E-02  10   5   9   1
  0.67139194893210349131E-03  10   5   9   2
 -0.12413443672180311111E-01  10   5   9   3
  0.67007957288446658856E-02  10   5   9   4
  0.34312933476057724813E-02  10   5   9   5
  0.59777337767555937045E-02  10   5   9   6
  0.00000000000000000000E+00  10   5   9   7
  0.00000000000000000000E+00  10   5   9   8
  0.00000000000000000000E+00  10   5   9   9
  0.72636314056976312992E-03  10   5  10   1
  0.27571418134812808801E-02  10   5  10   2
  0.18744282766262241290E-02  10   5  10   3
  0.12132403703655017871E-01  10   5  10   4
  0.27242754664168231798E-01  10   5  10   5
  0.00000000000000000000E+00  10   6   1   1
  0.00000000000000000000E+00  10   6   2   1
  0.00000000000000000000E+00  10   6   2   2
  0.00000000000000000000E+00  10   6   3   1
  0.00000000000000000000E+00  10   6   3   2
  0.00000000000000000000E+00  10   6   3   3
  0.00000000000000000000E+00  10   6   4   1
  0.00000000000000000000E+00  10   6   4   2
  0.00000000000000000000E+00  10   6   4   3
  0.00000000000000000000E+00  10   6   4   4
  0.00000000000000000000E+00  10   6   5   1
  0.00000000000000000000E+00  10   6   5   2
  0.00000000000000000000E+00  10   6   5   3
  0.00000000000000000000E+00  10   6   5   4
  0.00000000000000000000E+00  10   6   5   5
  0.00000000000000000000E+00  10   6   6   1
  0.00000000000000000000E+00  10   6   6   2
  0.00000000000000000000E+00  10   6   6   3
  0.00000000000000000000E+00  10   6   6   4
  0.00000000000000000000E+00  10   6   6   5
  0.00000000000000000000E+00  10   6   6   6
  0.00000000000000000000E+00  10   6   7   1
  0.00000000000000000000E+00  10   6   7   2
  0.00000000000000000000E+00  10   6   7   3
  0.00000000000000000000E+00  10   6   7   4
  0.00000000000000000000E+00  10   6   7   5
  0.00000000000000000000E+00  10   6   7   6
  0.00000000000000000000E+00  10   6   7   7
  0.00000000000000000000E+00  10   6   8   1
  0.00000000000000000000E+00  10   6   8   2
  0.00000000000000000000E+00  10   6   8   3
  0.00000000000000000000E+00  10   6   8   4
  0.00000000000000000000E+00  10   6   8   5
  0.00000000000000000000E+00  10   6   8   6
  0.00000000000000000000E+00  10   6   8   7
  0.00000000000000000000E+00  10   6   8   8
 -0.14487890216551273671E-02  10   6   9   1
 -0.16501429573784070787E-02  10   6   9   2
 -0.10732259672757238009E-01  10   6   9   3
 -0.76543686383523604905E-02  10   6   9   4
  0.87179597343994483238E-02  10   6   9   5
 -0.69815176043611258325E-02  10   6   9   6
  0.00000000000000000000E+00  10   6   9   7
  0.00000000000000000000E+00  10   6   9   8
  0.00000000000000000000E+00  10   6   9   9
  0.48587162826794425821E-03  10   6  10   1
 -0.63361302310611326144E-02  10   6  10   2
 -0.69619232056102155551E-02  10   6  10   3
 -0.24851213867645344929E-01  10   6  10   4
  0.11113436136249685987E-01  10   6  10   5
  0.18120336887388642511E-01  10   6  10   6
  0.00000000000000000000E+00  10   7   1   1
  0.00000000000000000000E+00  10   7   2   1
  0.00000000000000000000E+00  10   7   2   2
  0.00000000000000000000E+00  10   7   3   1
  0.00000000000000000000E+00  10   7   3   2
  0.00000000000000000000E+00  10   7   3   3
  0.00000000000000000000E+00  10   7   4   1
  0.00000000000000000000E+00  10   7   4   2
  0.00000000000000000000E+00  10   7   4   3
  0.00000000000000000000E+00  10   7   4   4
  0.00000000000000000000E+00  10   7   5   1
  0.00000000000000000000E+00  10   7   5   2
  0.00000000000000000000E+00  10   7   5   3
  0.00000000000000000000E+00  10   7   5   4
  0.00000000000000000000E+00  10   7   5   5
  0.00000000000000000000E+00  10   7   6   1
  0.00000000000000000000E+00  10   7   6   2
  0.00000000000000000000E+00  10   7   6   3
  0.00000000000000000000E+00  10   7   6   4
  0.00000000000000000000E+00  10   7   6   5
  0.00000000000000000000E+00  10   7   6   6
  0.00000000000000000000E+00  10   7   7   1
  0.00000000000000000000E+00  10   7   7   2
  0.00000000000000000000E+00  10   7   7   3
  0.00000000000000000000E+00  10   7   7   4
  0.00000000000000000000E+00  10   7   7   5
  0.00000000000000000000E+00  10   7   7   6
  0.00000000000000000000E+00  10   7   7   7
  0.00000000000000000000E+00  10   7   8   1
  0.00000000000000000000E+00  10   7   8   2
  0.00000000000000000000E+00  10   7   8   3
  0.00000000000000000000E+00  10   7   8   4
  0.00000000000000000000E+00  10   7   8   5
  0.00000000000000000000E+00  10   7   8   6
  0.00000000000000000000E+00  10   7   8   7
  0.00000000000000000000E+00  10   7   8   8
  0.00000000000000000000E+00  10   7   9   1
  0.00000000000000000000E+00  10   7   9   2
  0.00000000000000000000E+00  10   7   9   3
  0.00000000000000000000E+00  10   7   9   4
  0.00000000000000000000E+00  10   7   9   5
  0.00000000000000000000E+00  10   7   9   6
 -0.10885100178245137384E-01  10   7   9   7
  0.56023259065391198264E-02  10   7   9   8
  0.00000000000000000000E+00  10   7   9   9
  0.00000000000000000000E+00  10   7  10   1
  0.00000000000000000000E+00  10   7  10   2
  0.00000000000000000000E+00  10   7  10   3
  0.00000000000000000000E+00  10   7  10   4
  0.00000000000000000000E+00  10   7  10   5
  0.00000000000000000000E+00  10   7  10   6
  0.56023259065391120201E-02  10   7  10   7
  0.00000000000000000000E+00  10   8   1   1
  0.00000000000000000000E+00  10   8   2   1
  0.00000000000000000000E+00  10   8   2   2
  0.00000000000000000000E+00  10   8   3   1
  0.00000000000000000000E+00  10   8   3   2
  0.00000000000000000000E+00  10   8   3   3
  0.00000000000000000000E+00  10   8   4   1
  0.00000000000000000000E+00  10   8   4   2
  0.00000000000000000000E+00  10   8   4   3
  0.00000000000000000000E+00  10   8   4   4
  0.00000000000000000000E+00  10   8   5   1
  0.00000000000000000000E+00  10   8   5   2
  0.00000000000000000000E+00  10   8   5   3
  0.00000000000000000000E+00  10   8   5   4
  0.00000000000000000000E+00  10   8   5   5
  0.00000000000000000000E+00  10   8   6   1
  0.00000000000000000000E+00  10   8   6   2
  0.00000000000000000000E+00  10   8   6   3
  0.00000000000000000000E+00  10   8   6   4
  0.00000000000000000000E+00  10   8   6   5
  0.00000000000000000000E+00  10   8   6   6
  0.00000000000000000000E+00  10   8   7   1
  0.00000000000000000000E+00  10   8   7   2
  0.00000000000000000000E+00  10   8   7   3
  0.00000000000000000000E+00  10   8   7   4
  0.00000000000000000000E+00  10   8   7   5
  0.00000000000000000000E+00  10   8   7   6
  0.00000000000000000000E+00  10   8   7   7
  0.00000000000000000000E+00  10   8   8   1
  0.00000000000000000000E+00  10   8   8   2
  0.00000000000000000000E+00  10   8   8   3
  0.00000000000000000000E+00  10   8   8   4
  0.00000000000000000000E+00  10   8   8   5
  0.00000000000000000000E+00  10   8   8   6
  0.00000000000000000000E+00  10   8   8   7
  0.00000000000000000000E+00  10   8   8   8
  0.00000000000000000000E+00  10   8   9   1
  0.00000000000000000000E+00  10   8   9   2
  0.00000000000000000000E+00  10   8   9   3
  0.00000000000000000000E+00  10   8   9   4
  0.00000000000000000000E+00  10   8   9   5
  0.00000000000000000000E+00  10   8   9   6
  0.64332500503588123386E-02  10   8   9   7
  0.73046055824698722866E-02  10   8   9   8
  0.00000000000000000000E+00  10   8   9   9
  0.00000000000000000000E+00  10   8  10   1
  0.00000000000000000000E+00  10   8  10   2
  0.00000000000000000000E+00  10   8  10   3
  0.00000000000000000000E+00  10   8  10   4
  0.00000000000000000000E+00  10   8  10   5
  0.00000000000000000000E+00  10   8  10   6
  0.73046055824699529513E-02  10   8  10   7
  0.32068615327986854657E-01  10   8  10   8
 -0.22516715859563765645E+00  10   9   1   1
 -0.10020562268407871099E-04  10   9   2   1
  0.14150441176332753668E+00  10   9   2   2
  0.36655600257409783581E-02  10   9   3   1
 -0.77457185607837544632E-03  10   9   3   2
 -0.11800631958343987815E+00  10   9   3   3
 -0.91353700315422445895E-03  10   9   4   1
 -0.26144622127338510570E-02  10   9   4   2
  0.53380056245100351853E-01  10   9   4   3
  0.61989247502101565979E-01  10   9   4   4
  0.11590139963098937956E-03  10   9   5   1
  0.98169158027405084566E-03  10   9   5   2
 -0.30993846780695118170E-01  10   9   5   3
  0.40816917958708898162E-01  10   9   5   4
  0.25523446654684839308E-01  10   9   5   5
  0.20692521558521100207E-02  10   9   6   1
  0.14445663691537706953E-02  10   9   6   2
 -0.15904150301950234492E-01  10   9   6   3
 -0.28605795496852080145E-01  10   9   6   4
  0.83944156816152332157E-01  10   9   6   5
 -0.77415851257294249210E-01  10   9   6   6
  0.00000000000000000000E+00  10   9   7   1
  0.00000000000000000000E+00  10   9   7   2
  0.00000000000000000000E+00  10   9   7   3
  0.00000000000000000000E+00  10   9   7   4
  0.00000000000000000000E+00  10   9   7   5
  0.00000000000000000000E+00  10   9   7   6
 -0.11935146782469151228E+00  10   9   7   7
  0.00000000000000000000E+00  10   9   8   1
  0.00000000000000000000E+00  10   9   8   2
  0.00000000000000000000E+00  10   9   8   3
  0.00000000000000000000E+00  10   9   8   4
  0.00000000000000000000E+00  10   9   8   5
  0.00000000000000000000E+00  10   9   8   6
  0.57057421401332020228E-01  10   9   8   7
  0.66852094317952859281E-01  10   9   8   8
  0.00000000000000000000E+00  10   9   9   1
  0.00000000000000000000E+00  10   9   9   2
  0.00000000000000000000E+00  10   9   9   3
  0.00000000000000000000E+00  10   9   9   4
  0.00000000000000000000E+00  10   9   9   5
  0.00000000000000000000E+00  10   9   9   6
  0.00000000000000000000E+00  10   9   9   7
  0.00000000000000000000E+00  10   9   9   8
 -0.14112166818118190847E+00  10   9   9   9
  0.00000000000000000000E+00  10   9  10   1
  0.00000000000000000000E+00  10   9  10   2
  0.00000000000000000000E+00  10   9  10   3
  0.00000000000000000000E+00  10   9  10   4
  0.00000000000000000000E+00  10   9  10   5
  0.00000000000000000000E+00  10   9  10   6
  0.00000000000000000000E+00  10   9  10   7
  0.00000000000000000000E+00  10   9  10   8
  0.68262073214409718647E-01  10   9  10   9
  0.34675972558460405049E+00  10  10   1   1
 -0.97263892639998278156E-05  10  10   2   1
  0.81518315305128452586E+00  10  10   2   2
 -0.10656380738825110485E-02  10  10   3   1
 -0.25732936590959921280E-02  10  10   3   2
  0.34531087016087569364E+00  10  10   3   3
  0.78738530631665816593E-03  10  10   4   1
 -0.10397622805849566358E-01  10  10   4   2
  0.68350758072644873797E-01  10  10   4   3
  0.56204541693183951434E+00  10  10   4   4
 -0.18007531918950781587E-02  10  10   5   1
 -0.11418831624038900362E-02  10  10   5   2
 -0.48117899686666215642E-01  10  10   5   3
  0.36417896210425279580E-01  10  10   5   4
  0.51088702937085783695E+00  10  10   5   5
  0.38065870102042347577E-02  10  10   6   1
  0.21382526043707732535E-02  10  10   6   2
  0.12033193144552964404E-03  10  10   6   3
 -0.55451684988997884673E-01  10  10   6   4
  0.11073295868876723014E+00  10  10   6   5
  0.41057457436782718307E+00  10  10   6   6
  0.00000000000000000000E+00  10  10   7   1
  0.00000000000000000000E+00  10  10   7   2
  0.00000000000000000000E+00  10  10   7   3
  0.00000000000000000000E+00  10  10   7   4
  0.00000000000000000000E+00  10  10   7   5
  0.00000000000000000000E+00  10  10   7   6
  0.33096213953209674408E+00  10  10   7   7
  0.00000000000000000000E+00  10  10   8   1
  0.00000000000000000000E+00  10  10   8   2
  0.00000000000000000000E+00  10  10   8   3
  0.00000000000000000000E+00  10  10   8   4
  0.00000000000000000000E+00  10  10   8   5
  0.00000000000000000000E+00  10  10   8   6
  0.66852094317953608682E-01  10  10   8   7
  0.56059015032726888794E+00  10  10   8   8
  0.00000000000000000000E+00  10  10   9   1
  0.00000000000000000000E+00  10  10   9   2
  0.00000000000000000000E+00  10  10   9   3
  0.00000000000000000000E+00  10  10   9   4
  0.00000000000000000000E+00  10  10   9   5
  0.00000000000000000000E+00  10  10   9   6
  0.00000000000000000000E+00  10  10   9   7
  0.00000000000000000000E+00  10  10   9   8
  0.34382863963281395936E+00  10  10   9   9
  0.00000000000000000000E+00  10  10  10   1
  0.00000000000000000000E+00  10  10  10   2
  0.00000000000000000000E+00  10  10  10   3
  0.00000000000000000000E+00  10  10  10   4
  0.00000000000000000000E+00  10  10  10   5
  0.00000000000000000000E+00  10  10  10   6
  0.00000000000000000000E+00  10  10  10   7
  0.00000000000000000000E+00  10  10  10   8
  0.81461305482892834573E-01  10  10  10   9
  0.62472738098324276379E+00  10  10  10  10
 -0.33364575030128811761E+02   1   1   0   0
 -0.10134256306586454047E-02   2   1   0   0
 -0.20102368822116449820E+02   2   2   0   0
  0.58857217999251398854E+00   3   1   0   0
  0.95005804002139024322E-01   3   2   0   0
 -0.85659372604037180565E+01   3   3   0   0
 -0.18019451633324701234E+00   4   1   0   0
  0.41351557764664698125E+00   4   2   0   0
  0.42991081156987953626E+00   4   3   0   0
 -0.64288943443508079767E+01   4   4   0   0
  0.12556191726515308904E+00   5   1   0   0
  0.83229745292199813766E-01   5   2   0   0
 -0.42371858083518620930E-01   5   3   0   0
  0.69662229528561658842E+00   5   4   0   0
 -0.66088553234705100792E+01   5   5   0   0
  0.67847553755419287569E-01   6   1   0   0
 -0.64483297572898376493E-01   6   2   0   0
 -0.52184893798589859770E+00   6   3   0   0
  0.19975955536226192022E-01   6   4   0   0
  0.78989541784191197316E+00   6   5   0   0
 -0.78641679104476729378E+01   6   6   0   0
  0.00000000000000000000E+00   7   1   0   0
  0.00000000000000000000E+00   7   2   0   0
  0.00000000000000000000E+00   7   3   0   0
  0.00000000000000000000E+00   7   4   0   0
  0.00000000000000000000E+00   7   5   0   0
  0.00000000000000000000E+00   7   6   0   0
 -0.80059810217362041840E+01   7   7   0   0
  0.00000000000000000000E+00   8   1   0   0
  0.00000000000000000000E+00   8   2   0   0
  0.00000000000000000000E+00   8   3   0   0
  0.00000000000000000000E+00   8   4   0   0
  0.00000000000000000000E+00   8   5   0   0
  0.00000000000000000000E+00   8   6   0   0
  0.58831185101809690963E+00   8   7   0   0
 -0.60839072041254818046E+01   8   8   0   0
  0.00000000000000000000E+00   9   1   0   0
  0.00000000000000000000E+00   9   2   0   0
  0.00000000000000000000E+00   9   3   0   0
  0.00000000000000000000E+00   9   4   0   0
  0.00000000000000000000E+00   9   5   0   0
  0.00000000000000000000E+00   9   6   0   0
  0.00000000000000000000E+00   9   7   0   0
  0.00000000000000000000E+00   9   8   0   0
 -0.80059810217362059603E+01   9   9   0   0
  0.00000000000000000000E+00  10   1   0   0
  0.00000000000000000000E+00  10   2   0   0
  0.00000000000000000000E+00  10   3   0   0
  0.00000000000000000000E+00  10   4   0   0
  0.00000000000000000000E+00  10   5   0   0
  0.00000000000000000000E+00  10   6   0   0
  0.00000000000000000000E+00  10   7   0   0
  0.00000000000000000000E+00  10   8   0   0
  0.58831185101809269078E+00  10   9   0   0
 -0.60839072041254764756E+01  10  10   0   0
  0.14117647058823528994E+02   0   0   0   0
