 Energy =   -126.81377464076368     
     1  -0.96866058166698373E-09   0.76384492489951553E-11
     2  -0.54548801315598477E-02   0.43014886569005206E-04
     3  -0.10221775400470914E+02   0.80604614360127697E-01
     4  -0.36889334129346914E-02   0.29089374741700147E-04
     5  -0.18865786470759168E-02   0.14876764392670969E-04
     6  -0.23111529028983687E-03   0.18224778100370936E-05
     7  -0.73662921545297154E-02   0.58087476501640576E-04
     8  -0.54491819068591251E-02   0.42969952769685184E-04
     9  -0.20117587933281937E-01   0.15863882287449240E-03
    10  -0.11603911516120374E-01   0.91503557472299491E-04
    11  -0.54718129899394483E-03   0.43148411956350293E-05
    12  -0.56816269058599069E-09   0.44802916102408690E-11
    13  -0.43472708952476297E-03   0.34280746768736377E-05
    14  -0.26589170612458719E-02   0.20967099739582798E-04
    15  -0.22851750124328017E-02   0.18019927400680334E-04
    16  -0.49779740887808267E-03   0.39254206436819311E-05
    17  -0.11594865158954111E-01   0.91432221710929023E-04
    18  -0.23766125690706926E-02   0.18740965449558806E-04
    19  -0.84724207386656248E-02   0.66809940502647825E-04
    20  -0.54672287390395528E-02   0.43112262485104910E-04
    21  -0.60284129507868643E-03   0.47537524751266651E-05
    22  -0.10622415090411699E-02   0.83763890164950246E-05
    23  -0.48201539946123490E-03   0.38009703664028671E-05
    24  -0.10498398624602277E-01   0.82785948563884166E-04
    25  -0.15739140421272232E-04   0.12411223044072165E-06
    26  -0.19873324924707624E-01   0.15671266769721565E-03
    27  -0.42819685176416424E-03   0.33765799730916749E-05
    28  -0.35823612886412584E-09   0.28248991868504162E-11
    29  -0.16218995014220584E-02   0.12789616159731468E-04
    30  -0.66783351600134110E-03   0.52662537480109685E-05
    31  -0.33688515654898832E-01   0.26565344143671414E-03
    32  -0.26870261355975322E-02   0.21188756057528441E-04
    33  -0.25988181486730790E-07   0.20493185034787988E-09
    34  -0.60178599148982392E-03   0.47454307956257434E-05
    35  -0.13244876499540389E+00   0.10444351599075315E-02
    36  -0.61309069852763756E-04   0.48345749526373735E-06
    37  -0.23275050236913910E-02   0.18353724035773809E-04
    38  -0.19073846321534801E-05   0.15040831625402606E-07
    39  -0.16035885977756224E-02   0.12645224087984476E-04
    40  -0.10429678580731926E+02   0.82244051249771244E-01
    41  -0.95581378397038425E-02   0.75371448147332483E-04
    42  -0.10254279599748282E+02   0.80860928781565311E-01
    43  -0.26891130178081672E-02   0.21205212331435171E-04
    44  -0.61369230803666775E-04   0.48393189917666749E-06
    45  -0.15286510316721450E-02   0.12054298012991761E-04
    46  -0.92421360071202050E-03   0.72879590827583096E-05
    47  -0.27004878059723081E-02   0.21294909118683746E-04
    48  -0.25687283146280638E-03   0.20255909280397325E-05
    49  -0.60317006469698663E-04   0.47563450138254898E-06
    50  -0.25405578362693767E-06   0.20033768756321860E-08
    51  -0.36584465383321277E-02   0.28848968092746384E-04
    52  -0.17863894442021332E-03   0.14086714548656799E-05
    53  -0.24380097756738158E-01   0.19225117954103745E-03
    54  -0.61965220363780014E-03   0.48863162175650192E-05
    55  -0.24090693321779147E-02   0.18996905809343577E-04
    56  -0.89067928943082891E-02   0.70235216320461361E-04
    57  -0.32165038140405944E-01   0.25363993960058809E-03
    58  -0.43652923563583426E-01   0.34422856418589193E-03
    59  -0.18531298510059661E-03   0.14613001278886966E-05
    60  -0.15249381469633657E-02   0.12025019768421743E-04
    61  -0.10461073235389745E-08   0.82491616269791771E-11
    62  -0.33868329043490187E-03   0.26707137406351849E-05
    63  -0.29271862614125469E-06   0.23082557629915481E-08
    64  -0.15539084997329646E-05   0.12253467765113473E-07
    65  -0.10621952772108482E-02   0.83760244517586406E-05
    66  -0.17000534165678823E-01   0.13405905008219868E-03
    67  -0.28383793115857236E-02   0.22382263438070834E-04
    68  -0.94094321886891551E-02   0.74198818033325252E-04
    69  -0.12401732120705407E-03   0.97794834637142885E-06
    70  -0.41140926983402785E+02   0.32442001746218951E+00
    71  -0.63674019909033014E-01   0.50210649505077662E-03
    72  -0.59966451436184084E-04   0.47287017207756907E-06
    73  -0.13482284722210719E-02   0.10631561721432178E-04
    74  -0.97233711955407734E-03   0.76674408778423239E-05
    75  -0.42077909876799998E-09   0.33180866980734275E-11
    76  -0.61779411925513406E-08   0.48716641469368117E-10
    77  -0.10538422238870860E-08   0.83101557924002662E-11
    78  -0.34060988567842863E-01   0.26859060590484206E-03
    79  -0.30746309319028779E-02   0.24245244182760470E-04
    80  -0.52277747001708925E-03   0.41224028816901416E-05
    81  -0.25664053628351064E-03   0.20237591461220835E-05
    82  -0.46509779165687331E-08   0.36675652386690264E-10
    83  -0.11493769812242498E-03   0.90635026398369368E-06
    84  -0.24484073987692096E-02   0.19307109229301158E-04
    85  -0.17415063803696590E-02   0.13732785616570216E-04
    86  -0.39205195290972251E-02   0.30915565286209739E-04
    87  -0.60766386655330218E-04   0.47917812420195135E-06
    88  -0.12272430196301320E-02   0.96775214136370210E-05
    89  -0.71215865909325237E-03   0.56157831521902448E-05
    90  -0.69113130477129833E-04   0.54499702948605111E-06
    91  -0.11870730057110768E-06   0.93607576075532723E-09
    92  -0.24861503246950373E-01   0.19604734042005814E-03
    93  -0.61045463057034946E-04   0.48137880313052422E-06
    94  -0.32160250340858315E-01   0.25360218503046205E-03
    95  -0.10290879611073865E-03   0.81149541051243932E-06
    96  -0.16322864865703089E-02   0.12871523548559492E-04
    97  -0.53330558674797516E-03   0.42054231747199001E-05
    98  -0.15792411961154012E-02   0.12453230736085661E-04
    99  -0.63023629280592741E-02   0.49697778856535983E-04
   100  -0.17709591884126647E-02   0.13965038052288963E-04
   101  -0.90241114984638496E-02   0.71160341406343398E-04
   102  -0.28005334898432516E-01   0.22083827232306270E-03
   103  -0.67921589980867738E-04   0.53560104313017242E-06
   104  -0.24438768962995547E-01   0.19271383595532361E-03
   105  -0.12173093697784998E-03   0.95991888359673482E-06
   106  -0.33931032744541372E-03   0.26756582903285295E-05
   107  -0.26645733697163347E-02   0.21011703005170356E-04
   108  -0.21199255915416142E-08   0.16716840087339936E-10
   109  -0.20551040755344523E-01   0.16205684921500994E-03
   110  -0.43027474813240224E-03   0.33929653884310121E-05
   111  -0.63775393776489067E-01   0.50290588666058577E-03
   112  -0.63086479891366473E-02   0.49747340200287303E-04
   113  -0.21833700252562332E-04   0.17217136162386541E-06
   114  -0.81810391205910200E-03   0.64512227821986547E-05
   115  -0.24135058188820641E-01   0.19031890074394572E-03
   116  -0.16358276780288480E-02   0.12899447892492717E-04
   117  -0.39737602741394235E-01   0.31335399371213660E-03
   118  -0.22588844294106739E-03   0.17812610939226493E-05
   119  -0.33269525240078222E-01   0.26234945954667485E-03
   120  -0.99787805248469303E-03   0.78688459145031107E-05
   121  -0.62390719120925745E-03   0.49198692569214359E-05
   122  -0.71432976272220558E-03   0.56329035607192361E-05
   123  -0.69453406804233242E-03   0.54768030524270557E-05
   124  -0.61229380571758557E-02   0.48282909916693360E-04
   125  -0.15829754258439748E-02   0.12482677298489090E-04
   126  -0.23102571224511477E-03   0.18217714353157681E-05
   127  -0.61035461716631189E-03   0.48129993677367868E-05
   128  -0.14988578420903867E-02   0.11819361471861620E-04
   129  -0.97332926339139582E-03   0.76752645061518601E-05
   130  -0.17774398620984348E-02   0.14016141914658240E-04
   131  -0.15117288298846804E-07   0.11920856659042623E-09
   132  -0.30807824057986606E-06   0.24293752114278230E-08
   133  -0.25869624112563296E-03   0.20399695684357926E-05
   134  -0.15542571297112238E-02   0.12256216914243738E-04
   135  -0.32676853188440158E-01   0.25767589744100472E-03
   136  -0.14181517868091544E-02   0.11182947521485525E-04
   137  -0.17410690077901052E-02   0.13729336680673521E-04
   138  -0.14290461003941463E-02   0.11268855488627527E-04
   139  -0.14168130044691182E-03   0.11172390447982835E-05
   140  -0.28485165840890650E-02   0.22462201698185385E-04
   141  -0.23262239634619304E-03   0.18343622134516712E-05
   142  -0.26966561229231009E-02   0.21264694080451017E-04
   143  -0.74787378210377014E-02   0.58974175654209136E-04
   144  -0.19385372001072851E-02   0.15286487651666734E-04
   145  -0.55345086102055645E-02   0.43642803204018141E-04
   146  -0.24074380471189342E-02   0.18984042182631089E-04
   147  -0.27112920150708206E-02   0.21380106559806513E-04
   148  -0.60926335730995033E-04   0.48043941522587926E-06
   149  -0.14956593913685330E-04   0.11794139836980754E-06
   150  -0.12424061295307435E-03   0.97970913100742604E-06
   151  -0.32977429536709173E-06   0.26004611589022669E-08
   152  -0.94291106371574979E-02   0.74353993987389289E-04
   153  -0.59793581291472004E-04   0.47150699094679850E-06
   154  -0.39919460646903680E-01   0.31478804853799929E-03
   155  -0.43526497060448831E-03   0.34323161804583160E-05
   156  -0.15559899602616515E-02   0.12269881285920524E-04
   157  -0.39105874509731693E-01   0.30837245102521566E-03
   158  -0.39887801035986915E-01   0.31453839418454715E-03
   159  -0.15021660284702970E-02   0.11845448435910136E-04
   160  -0.17306731288439029E-07   0.13647359159101818E-09
   161  -0.10202081233030454E-02   0.80449314452871970E-05
   162  -0.33718589291404331E-01   0.26589058946413220E-03
   163  -0.32602298129027689E-02   0.25708798765262668E-04
   164  -0.22129670408459101E-02   0.17450525758063500E-04
   165  -0.25380369955903330E-03   0.20013890468760551E-05
   166  -0.91729965322843673E-03   0.72334386057583183E-05
   167  -0.97881127656934651E-02   0.77184933524935141E-04
   168  -0.28567140286425848E-03   0.22526843292339817E-05
   169  -0.42979112522512803E-09   0.33891517419352412E-11
   170  -0.23330720616306470E-02   0.18397623351562066E-04
   171  -0.28246454031509407E-01   0.22273963622268582E-03
   172  -0.15010152221256503E-04   0.11836373661912543E-06
   173  -0.61121889657773736E-03   0.48198147110531874E-05
   174  -0.31041431244037193E-03   0.24477964899294958E-05
   175  -0.96388657260446826E-02   0.76008034248247191E-04
   176  -0.62839035247633140E-04   0.49552215779115945E-06
   177  -0.29821570039635637E-03   0.23516033746423621E-05
   178  -0.41114825842298487E+02   0.32421419485988756E+00
   179  -0.66712009798033621E-02   0.52606280340613141E-04
   180  -0.10181843027639392E-02   0.80289724491541727E-05
   181  -0.34648660277721260E-03   0.27322473742204627E-05
   182  -0.43483068053480731E-03   0.34288915519358129E-05
   183  -0.60180641665631349E-03   0.47455918598835301E-05
   184  -0.28648737658191876E-09   0.22591187542006048E-11
   185  -0.66645265068305684E-02   0.52553648258714304E-04
   186  -0.24076491368638410E-02   0.18985706747427026E-04
   187  -0.96811591360648000E-02   0.76341542261394228E-04
   188  -0.83762135137127273E-02   0.66051290858905003E-04
   189  -0.58731018482148631E-03   0.46312806829164228E-05
   190  -0.57079274255026140E-04   0.45010310919866103E-06
   191  -0.10796809285703788E-01   0.85139089316510160E-04
   192  -0.57801995689638403E-04   0.45580218594848243E-06
   193  -0.97191969971868512E-07   0.76641492808799702E-09
   194  -0.28219743930595845E-01   0.22252901161988359E-03
   195  -0.72576005322077847E-03   0.57230380159939284E-05
   196  -0.15400777947506003E-02   0.12144404652517514E-04
   197  -0.63681826256755780E-01   0.50216805262009339E-03
   198  -0.68171538548027454E-02   0.53757203222712002E-04
   199  -0.20599695168720261E-01   0.16244051742071995E-03
   200  -0.35249081959301248E-02   0.27795940984450865E-04
   201  -0.23588827189428800E-03   0.18601155321061034E-05
   202  -0.57969620668564328E-04   0.45712400591165889E-06
   203  -0.55141993411271864E-03   0.43482652864388952E-05
   204  -0.23322948195766219E-09   0.18391494348177166E-11
   205  -0.72602927748516191E-03   0.57251610051183048E-05
   206  -0.10592299823452890E-03   0.83526413857316327E-06
   207  -0.57609136510611725E-03   0.45428137971451449E-05
   208  -0.18977160370307871E-02   0.14964589157657423E-04
   209  -0.49500007101636032E-03   0.39033620158266632E-05
   210  -0.59094401983691492E-03   0.46599355749084205E-05
   211  -0.77287775931344073E-03   0.60945883954865073E-05
   212  -0.11500855709055109E-01   0.90690902795335574E-04
   213  -0.18367406800435678E-02   0.14483763181457682E-04
   214  -0.40350019758849163E-03   0.31818325629965736E-05
   215  -0.60827053019295587E-10   0.47965651358935991E-12
   216  -0.32672964012297800E-01   0.25764522903646132E-03
   217  -0.27031974926818134E-03   0.21316276566480179E-05
   218  -0.48976700576552807E-07   0.38620962679561626E-09
   219  -0.14727000827747167E-04   0.11613092402198097E-06
   220  -0.62536224164403973E-02   0.49313431716353869E-04
   221  -0.16078974789959313E-02   0.12679202109950268E-04
   222  -0.49514190361607763E-03   0.39044804479537654E-05
   223  -0.58995751878963452E-03   0.46521564432638107E-05
   224  -0.13247152028434547E+00   0.10446145985292905E-02
   225  -0.12273865114894805E-03   0.96786529299865266E-06
   226  -0.23088009046915619E-03   0.18206231233412125E-05
   227  -0.33158517476914503E-02   0.26147409909408851E-04
   228  -0.45449120538702777E-09   0.35839261679143570E-11
   229  -0.33281658870690789E-01   0.26244514024577033E-03
   230  -0.23545248551483589E-03   0.18566791043151430E-05
   231  -0.20686927070313860E-01   0.16312839144576739E-03
   232  -0.50804421220019885E-02   0.40062226176878554E-04
   233  -0.97990690860242447E-07   0.77271330451150885E-09
   234  -0.13061642932177559E-01   0.10299861327508294E-03
   235  -0.34030963084633659E-01   0.26835383759403150E-03
   236  -0.32742153877101124E-04   0.25819083116051545E-06
   237  -0.30738983545288167E-02   0.24239467386224476E-04
   238  -0.61533070894162403E-03   0.48522387310426133E-05
   239  -0.32048498188137244E-04   0.25272095463543874E-06
   240  -0.10590370915239007E-03   0.83511203299793322E-06
   241  -0.35270829606154903E-02   0.27813090262528317E-04
   242  -0.15963467405115476E-03   0.12588117852604374E-05
   243  -0.97726753283853794E-02   0.77063200398137067E-04
   244  -0.55122337666856048E-03   0.43467153172441841E-05
   245  -0.91082819580920276E-03   0.71824074189841198E-05
   246  -0.10634167818471942E-02   0.83856567226992879E-05
   247  -0.15397179757352731E-02   0.12141567271354888E-04
   248  -0.24108499034773797E-01   0.19010946644454029E-03
   249  -0.61298067082822831E-03   0.48337073205546527E-05
   250  -0.16247884868186562E-02   0.12812397481435531E-04
   251  -0.57000179246965847E-09   0.44947939928793292E-11
   252  -0.29537792285447815E-03   0.23292258565066784E-05
   253  -0.10560776330064048E-02   0.83277832869342882E-05
   254  -0.90183122996315476E-02   0.71114611367562272E-04
   255  -0.35991697702438083E-03   0.28381536472985536E-05
   256  -0.55309178370514175E-02   0.43614487879722190E-04
   257  -0.57096557184366628E-04   0.45023939509811835E-06
   258  -0.74717404955387664E-02   0.58918997693307358E-04
   259  -0.63571102385851966E-01   0.50129493082226443E-03
   260  -0.90941068266902177E-04   0.71712295075608820E-06
   261  -0.67913808833917579E-04   0.53553968428353132E-06
   262  -0.18889041806029826E-09   0.14895102570314948E-11
   263  -0.10769737701485347E-02   0.84925614208659083E-05
   264  -0.51015120996697018E-08   0.40228375143955669E-10
   265  -0.21657277034319643E-02   0.17078016245214722E-04
   266  -0.67106481467409183E-03   0.52917344079937209E-05
   267  -0.48333302957459523E-02   0.38113606423574536E-04
   268  -0.12214520345176470E-03   0.96318561447899296E-06
   269  -0.38713869806827447E-02   0.30528126709023139E-04
   270  -0.19316222572677594E-02   0.15231959325709131E-04
   271  -0.96576214736214668E-03   0.76155934171815553E-05
   272  -0.14348902797874043E-02   0.11314940225161971E-04
   273  -0.32613176253553093E-02   0.25717376795966527E-04
   274  -0.34701218433354707E-03   0.27363918889454861E-05
   275  -0.24412354816721956E-02   0.19250554512612609E-04
   276  -0.54218415645804370E-03   0.42754358348999123E-05
   277  -0.66338163751443891E-03   0.52311481098457663E-05
   278  -0.36069769178442303E-02   0.28443100349800479E-04
   279  -0.10414806958739266E+02   0.82126779904171859E-01
   280  -0.40380645681356640E-03   0.31842475942180818E-05
   281  -0.13473860533884802E-02   0.10624918761430567E-04
   282  -0.40203306211053658E-02   0.31702633507236079E-04
   283  -0.91811980839408302E-03   0.72399060038621099E-05
   284  -0.27731235173577195E-03   0.21867683737144341E-05
   285  -0.23348160144465412E-01   0.18411375428738496E-03
   286  -0.54889679339573619E-02   0.43283688617474138E-04
   287  -0.85033210386818909E-03   0.67053607250237355E-05
   288  -0.23734088080617022E-02   0.18715701939990812E-04
   289  -0.68215153925032610E-02   0.53791596471496456E-04
   290  -0.96926033400744464E-03   0.76431786432755462E-05
   291  -0.42077500608209356E-03   0.33180544248766235E-05
   292  -0.34628984287190140E-03   0.27306958085023964E-05
   293  -0.18443947204589721E-02   0.14544119719515843E-04
   294  -0.39825686766155144E-05   0.31404858722148080E-07
   295  -0.44769492926364222E-03   0.35303335976857842E-05
   296  -0.19400235444786760E-02   0.15298208337180601E-04
   297  -0.99201304441118125E-03   0.78225969317713373E-05
   298  -0.84342078090615625E-03   0.66508609438949805E-05
   299  -0.84627194510866223E-03   0.66733440235965571E-05
   300  -0.17903905472203599E-03   0.14118265561388350E-05
   301  -0.10783144480600028E-01   0.85031334420463035E-04
   302  -0.35196428838324590E-02   0.27754420951531877E-04
   303  -0.91903324615354729E-03   0.72471089892006654E-05
   304  -0.29609404133615763E-02   0.23348728651515052E-04
   305  -0.16526086410334907E-02   0.13031775496904615E-04
   306  -0.18846144714139139E-02   0.14861275730910313E-04
   307  -0.35982423085570625E-02   0.28374222900864737E-04
   308  -0.46323265326585119E-02   0.36528575431027866E-04
   309  -0.19879818305610385E-01   0.15676387176334457E-03
   310  -0.89848687778846929E-03   0.70850889844868127E-05
   311  -0.25866679069503609E-03   0.20397373347476127E-05
   312  -0.44337517891634282E-03   0.34962698663637228E-05
   313  -0.18849035793542922E-02   0.14863555514326564E-04
   314  -0.36925278183671249E-03   0.29117718708612382E-05
   315  -0.60038251114246776E-03   0.47343635408946873E-05
   316  -0.20109379442277139E-01   0.15857409417267707E-03
   317  -0.32893271699415142E-04   0.25938248264113812E-06
   318  -0.84625080311537888E-03   0.66731773067446753E-05
   319  -0.95813208429982016E-02   0.75554259544280736E-04
   320  -0.31092979496168133E-03   0.24518613679190489E-05
   321  -0.73609845905951588E-02   0.58045623288536618E-04
   322  -0.19142527364527069E-02   0.15094990602364553E-04
   323  -0.22591797173768973E-04   0.17814939455722906E-06
   324  -0.48126919249311811E-03   0.37950860926303164E-05
   325  -0.75543228205591573E-03   0.59570207116371443E-05
   326  -0.25384399328293254E-03   0.20017067862069235E-05
   327  -0.12043510831665166E-03   0.94970052470891584E-06
   328  -0.10357142097436651E-09   0.81672059102224533E-12
   329  -0.71691728612831119E-10   0.56533076801726269E-12
   330  -0.24882711032694484E-01   0.19621457608356700E-03
   331  -0.98577858735315500E-02   0.77734346299970441E-04
   332  -0.52446553601375920E-03   0.41357142589553633E-05
   333  -0.21191593579512973E-02   0.16710797892061958E-04
   334  -0.24081541994533527E-02   0.18989689458224352E-04
   335  -0.14176337808200295E-03   0.11178862744491921E-05
   336  -0.71580318706287354E-02   0.56445223643140491E-04
   337  -0.75716629304377705E-03   0.59706943917462131E-05
   338  -0.20172887431102208E-02   0.15907489141654883E-04
   339  -0.82340904640654006E-03   0.64930568366021797E-05
   340  -0.97203499503258507E-03   0.76650584511513121E-05
   341  -0.89456716223878744E-02   0.70541797590435552E-04
   342  -0.80686063893082932E-03   0.63625630671154750E-05
   343  -0.16203273355596146E-02   0.12777218722095868E-04
   344  -0.14360967289536331E-02   0.11324453775008165E-04
   345  -0.23938535709117511E-02   0.18876920726419688E-04
   346  -0.17895675643006491E-03   0.14111775864807341E-05
   347  -0.58776011440856899E-03   0.46348286380842052E-05
   348  -0.15959904971898518E-03   0.12585308667855280E-05
   349  -0.61026789079185234E-03   0.48123154800857391E-05
   350  -0.10735263357600094E-10   0.84653764056868303E-13
   351  -0.98728464079665267E-03   0.77853107329500883E-05
   352  -0.13484337017429882E-02   0.10633180074978530E-04
   353  -0.90927334365162286E-04   0.71701465099307897E-06
   354  -0.85786299433996348E-03   0.67647461545096709E-05
   355  -0.27003132148211719E-03   0.21293532366421375E-05
   356  -0.39795395447074624E-03   0.31380972264098606E-05
   357  -0.62414747670031627E-02   0.49217640470713194E-04
   358  -0.17870544437494722E-03   0.14091958454921893E-05
   359  -0.48140603918391461E-03   0.37961652079802393E-05
   360  -0.10035281576690816E-03   0.79134002635901405E-06
   361  -0.49791975225394575E-03   0.39263853920005554E-05
   362  -0.24392893368017348E-02   0.19235208034077657E-04
   363  -0.31058248837075410E-03   0.24491226544637397E-05
   364  -0.34587389392712851E-03   0.27274158103637777E-05
   365  -0.80226686339521476E-09   0.63263384886055485E-11
   366  -0.89146567429508432E-02   0.70297227317806337E-04
   367  -0.38740729659516634E-02   0.30549307257244551E-04
   368  -0.11382490516553120E-08   0.89757524754682721E-11
   369  -0.10591849526848025E-02   0.83522863008000933E-05
   370  -0.10796506157745510E-03   0.85136698977139409E-06
   371  -0.49950447956035487E-03   0.39388818838911110E-05
   372  -0.36922948609388460E-03   0.29115881704478258E-05
   373  -0.79228788187736662E-03   0.62476484445143880E-05
   374  -0.51931597722618326E-08   0.40951070078727143E-10
   375  -0.13322681861185821E-02   0.10505705629318353E-04
   376  -0.22682238645687191E-03   0.17886257790166005E-05
   377  -0.17115334103659487E-01   0.13496431402774300E-03
   378  -0.12450327401266582E-02   0.98178036546389993E-05
   379  -0.18937814339296634E-02   0.14933562535255642E-04
   380  -0.22584920896769651E-04   0.17809517113379732E-06
   381  -0.87737927625410501E-02   0.69186433314482722E-04
   382  -0.46996085237559530E-08   0.37059132866827220E-10
   383  -0.81632630735501820E-03   0.64372053404095483E-05
   384  -0.60079271825309042E-03   0.47375982613482395E-05
   385  -0.23922721302133913E-02   0.18864450151335557E-04
   386  -0.74042279424578960E-03   0.58386622142842762E-05
   387  -0.72287824736068449E-03   0.57003133090899856E-05
   388  -0.16307269897115165E-07   0.12859226013349220E-09
   389  -0.74694259340488990E-02   0.58900746036526191E-04
   390  -0.54089081819958962E-02   0.42652371142789249E-04
   391  -0.10805043474295954E-02   0.85204020658673058E-05
   392  -0.23367981887462909E-02   0.18427006020173575E-04
   393  -0.85896696415456257E-03   0.67734515953636036E-05
   394  -0.54243868625193864E-03   0.42774429496208173E-05
   395  -0.62884739764561907E-04   0.49588256435628413E-06
   396  -0.39747848286784945E-01   0.31343478576662545E-03
   397  -0.42309986622892401E-03   0.33363872925277621E-05
   398  -0.40285829342200395E-04   0.31767707771747567E-06
   399  -0.16362506974236719E-02   0.12902783645221647E-04
   400  -0.13657546965388139E-01   0.10769766142579565E-03
   401  -0.18773728197691078E-02   0.14804171116957136E-04
   402  -0.32022739649455215E-04   0.25251783365149996E-06
   403  -0.96515896514181155E-03   0.76108369763134889E-05
   404  -0.71943710033080576E-02   0.56731778733723220E-04
   405  -0.25440431973051364E-02   0.20061252845062477E-04
   406  -0.98611575558089343E-04   0.77760933965915540E-06
   407  -0.17094192669636617E-02   0.13479760158595376E-04
   408  -0.61387383935342776E-02   0.48407504712512512E-04
   409  -0.10924450733798297E-01   0.86145616000666433E-04
   410  -0.22260267802176577E-04   0.17553509360663005E-06
   411  -0.69339793426368356E-03   0.54678439801033493E-05
   412  -0.15680553638851158E-08   0.12365023975724081E-10
   413  -0.12309560743156598E-02   0.97068009985720661E-05
   414  -0.95397955057397214E-03   0.75226808229341868E-05
   415  -0.71528328686596421E-02   0.56404226503958876E-04
   416  -0.59153325677307881E-03   0.46645820491406801E-05
   417  -0.23322872701615704E-01   0.18391434816670651E-03
   418  -0.17720010415368927E-02   0.13973253667092475E-04
   419  -0.10202337746491445E-02   0.80451337209955871E-05
   420  -0.29593887651966889E-02   0.23336493007798246E-04
   421  -0.33268720522257886E-03   0.26234311388097239E-05
   422  -0.22105655202789508E-02   0.17431588378636367E-04
   423  -0.19018984646956638E-02   0.14997570020160134E-04
   424  -0.22901342253461758E-02   0.18059033664392005E-04
   425  -0.15242618171217175E-01   0.12019686516229196E-03
   426  -0.69422898985077678E-04   0.54743973343383087E-06
   427  -0.34562560208946528E-02   0.27254578855376569E-04
   428  -0.17799441709774786E-02   0.14035889839409616E-04
   429  -0.94958747163146956E-03   0.74880467387824899E-05
   430  -0.10180702381018985E-02   0.80280729832849175E-05
   431  -0.12415325350743396E-03   0.97902025122376022E-06
   432  -0.14997913563897050E-04   0.11826722772335190E-06
   433  -0.23306538142799072E-02   0.18378554071765054E-04
   434  -0.84731916172993090E-03   0.66816019326780833E-05
   435  -0.36164207360445941E-03   0.28517570321434996E-05
   436  -0.16112263351017945E-02   0.12705452066749467E-04
   437  -0.44408017473021185E-08   0.35018291663361914E-10
   438  -0.56488169051602536E-04   0.44544190259789490E-06
   439  -0.56476067793304485E-04   0.44534647717323315E-06
   440  -0.40230155616244366E-02   0.31723805817000347E-04
   441  -0.10437513359028139E-02   0.82305833010612345E-05
   442  -0.24289197636527834E-09   0.19153437948940406E-11
   443  -0.14294640509406548E-02   0.11272151270554154E-04
   444  -0.51244999070754302E-03   0.40409647308362482E-05
   445  -0.22145407888444577E-02   0.17462935671757860E-04
   446  -0.22190366985583879E-04   0.17498388521628987E-06
   447  -0.63528906908542166E-03   0.50096219506521185E-05
   448  -0.22312891091560036E-04   0.17595005869644408E-06
   449  -0.10454384209661266E-02   0.82438869430992694E-05
   450  -0.33120766962565929E-02   0.26117641444227907E-04
   451  -0.29853194535692316E-03   0.23540971491669567E-05
   452  -0.13067561918733194E-01   0.10304528790938352E-03
   453  -0.52197485791015007E-03   0.41160738207564002E-05
   454  -0.18673784120595520E-04   0.14725359428417245E-06
   455  -0.89400547304643464E-02   0.70497505147130871E-04
   456  -0.46652992055666207E-03   0.36788584038148923E-05
   457  -0.38060576117540613E-02   0.30012966829004206E-04
   458  -0.17135839558094036E-01   0.13512601140243778E-03
   459  -0.26468538136213389E-03   0.20871974051078488E-05
   460  -0.62359281364924972E-03   0.49173902079309124E-05
   461  -0.96923086694501032E-03   0.76429462784357032E-05
   462  -0.18462135570064137E-04   0.14558462298250636E-06
   463  -0.13067164487769982E-01   0.10304215393624585E-03
   464  -0.72346491870311309E-03   0.57049395521309374E-05
   465  -0.18409244690456472E-02   0.14516754778892039E-04
   466  -0.16509605049335803E-02   0.13018778989982720E-04
   467  -0.28375200572286550E-03   0.22375487720216028E-05
   468  -0.12043912833230492E-03   0.94973222485871934E-06
   469  -0.34590162685355129E-02   0.27276345005376279E-04
   470  -0.59685411285228043E-03   0.47065400784973054E-05
   471  -0.27247239492572102E-02   0.21486025133908098E-04
   472  -0.97458099514290027E-02   0.76851351353879219E-04
   473  -0.36045684278921634E-03   0.28424108012738599E-05
   474  -0.27987058761484641E-01   0.22069415440685331E-03
   475  -0.28546314760747476E-03   0.22510421160172100E-05
   476  -0.10018771585108576E-03   0.79003811797965941E-06
   477  -0.39097251670827268E-01   0.30830445495042918E-03
   478  -0.46318245051472987E-02   0.36524616653579312E-04
   479  -0.36040681043797857E-03   0.28420162672306969E-05
   480  -0.15776349430871783E-02   0.12440564501421698E-04
   481  -0.80604745944249376E-03   0.63561506762640943E-05
   482  -0.82423336610230251E-03   0.64995570744359445E-05
   483  -0.59892923646408128E-03   0.47229036290475453E-05
   484  -0.12858203318399671E-04   0.10139437419021863E-06
   485  -0.88502474662060862E-02   0.69789322897113756E-04
   486  -0.10102308725578471E-03   0.79662550493399761E-06
   487  -0.39558510992114245E-02   0.31194175162891407E-04
   488  -0.48379255628742939E-02   0.38149842764156303E-04
   489  -0.10758268819024089E-03   0.84835175433425498E-06
   490  -0.18514149024737980E-03   0.14599477917272456E-05
   491  -0.18759108596260884E-02   0.14792642715195096E-04
   492  -0.61697839973466170E-08   0.48652317264621186E-10
   493  -0.20199450324500752E-02   0.15928435520290636E-04
   494  -0.50697194242842235E-02   0.39977671500163505E-04
   495  -0.11504736864688423E-01   0.90721507953523699E-04
   496  -0.31088601417993724E-03   0.24515161311191186E-05
   497  -0.70544356551693358E-02   0.55628307533255226E-04
   498  -0.15244991591890144E-01   0.12021558095779360E-03
   499  -0.13358911708097824E-02   0.10534274960224742E-04
   500  -0.51018055648444874E-03   0.40230689286686754E-05
   501  -0.48160276082767523E-05   0.37977164719838373E-07
   502  -0.24156975012223727E-02   0.19049172757971472E-04
   503  -0.33618532205393356E-03   0.26510158143803717E-05
   504  -0.10571660677392289E-02   0.83363662246782953E-05
   505  -0.96836740109789246E-03   0.76361373505446775E-05
   506  -0.37071043148297859E-03   0.29232662818618988E-05
   507  -0.12455204291093574E-02   0.98216493644925294E-05
   508  -0.44522689005454017E-03   0.35108716802711068E-05
   509  -0.13721087009010483E-03   0.10819871144029400E-05
   510  -0.72054036578414089E-02   0.56818777599300756E-04
   511  -0.10481237442239080E-02   0.82650622709797643E-05
   512  -0.46627318155331813E-03   0.36768338681990160E-05
   513  -0.15644075457932202E-02   0.12336258819082153E-04
   514  -0.27892213773368811E-02   0.21994624678889535E-04
   515  -0.46590594989772533E-03   0.36739380340782110E-05
   516  -0.40308514021125849E-04   0.31785595953839550E-06
   517  -0.59743036898409234E-03   0.47110841915752756E-05
   518  -0.43679286769680532E-01   0.34443645332231886E-03
   519  -0.54014400960089764E-02   0.42593480963011256E-04
   520  -0.33737005948127687E-03   0.26603581546008987E-05
   521  -0.59938308367213974E-03   0.47264824769238435E-05
   522  -0.19428468559260555E-02   0.15320471781789656E-04
   523  -0.49843583718903271E-03   0.39304550203713602E-05
   524  -0.15252641902023666E-02   0.12027590808042041E-04
   525  -0.49623840335711449E-11   0.39131269829547383E-13
   526  -0.49069367056157648E-03   0.38694035561326517E-05
   527  -0.24451714651711576E-02   0.19281592020250179E-04
   528  -0.18002014055620060E-02   0.14195629856942505E-04
   529  -0.27908191148683374E-02   0.22007223763933589E-04
   530  -0.45461067289613707E-02   0.35848682383593675E-04
   531  -0.18456205121129908E-02   0.14553785796071730E-04
   532  -0.34281227408764642E-03   0.27032731661742566E-05
   533  -0.97709088464812792E-02   0.77049270666062575E-04
   534  -0.36960244532818374E-03   0.29145291698412723E-05
   535  -0.26522123365678386E-09   0.20914229105481523E-11
   536  -0.88907460579526308E-04   0.70108677729514794E-06
   537  -0.68968405562703735E-09   0.54385578978369168E-11
   538  -0.47923283178162162E-03   0.37790282099810140E-05
   539  -0.23152437908716933E-03   0.18257037119431864E-05
   540  -0.23219899499104710E-03   0.18310234487445615E-05
   541  -0.24176518455373843E-02   0.19064583893871715E-04
   542  -0.19117847788045327E-02   0.15075529328104989E-04
   543  -0.14241258468256095E-02   0.11230056441895617E-04
   544  -0.13016188447744926E-09   0.10264017836088380E-11
   545  -0.58746104427742413E-03   0.46324702970286528E-05
   546  -0.88554844608714923E-02   0.69830619630692120E-04
   547  -0.34739242498691672E-09   0.27393903065420510E-11
   548  -0.19788479045158985E-02   0.15604360883678042E-04
   549  -0.18024998989098033E-02   0.14213754807124836E-04
   550  -0.40432664299153642E-03   0.31883495632624040E-05
   551  -0.34222526467780554E-03   0.26986442572761203E-05
   552  -0.54745390037303448E-06   0.43169908152631956E-08
   553  -0.10471155955374875E-02   0.82571124351730755E-05
   554  -0.76784589472901544E-06   0.60549092313051758E-08
   555  -0.15676189434927008E-04   0.12361582548374005E-06
   556  -0.14461564912847135E-02   0.11403780822559407E-04
   557  -0.21296702099939393E-08   0.16793682043033862E-10
   558  -0.43240854173435921E-02   0.34097915858058753E-04
   559  -0.49694354190145905E-03   0.39186874084396045E-05
   560  -0.24651160558522735E-03   0.19438866659678071E-05
   561  -0.39584029130085140E-02   0.31214297691412600E-04
   562  -0.28975740549578774E-03   0.22849048245477123E-05
   563  -0.18785640208294969E-02   0.14813564426664724E-04
   564  -0.27612373146494837E-03   0.21773954150260684E-05
   565  -0.54123038065284276E-02   0.42679147607271521E-04
   566  -0.19301413423896618E-02   0.15220281454891919E-04
   567  -0.18057566901564012E-02   0.14239436490804891E-04
   568  -0.10747877097449973E-08   0.84753230695138555E-11
   569  -0.39110399624220221E-01   0.30840813417163526E-03
   570  -0.39143925410031796E-01   0.30867250439408581E-03
   571  -0.74652931163821283E-02   0.58868156377567789E-04
   572  -0.22097678189782520E-02   0.17425298042251706E-04
   573  -0.95698783553376020E-03   0.75464028907324984E-05
   574  -0.78155697040889899E-02   0.61630289976217617E-04
   575  -0.20686908977665775E-01   0.16312824877476705E-03
   576  -0.78977899077953403E-03   0.62278643863161384E-05
   577  -0.52238113297992301E-03   0.41192775347923855E-05
   578  -0.61809517577680797E-03   0.48740381518312073E-05
   579  -0.43212658005168086E-03   0.34075681547671176E-05
   580  -0.13568546065739621E-02   0.10699583782736845E-04
   581  -0.73960759844522467E-03   0.58322339236441289E-05
   582  -0.12454904958083325E-02   0.98214133230915878E-05
   583  -0.13634521758400093E-01   0.10751609434403918E-03
   584  -0.10190143801030930E-02   0.80355180893380189E-05
   585  -0.15497803307154003E-02   0.12220914763444226E-04
   586  -0.21882831847542736E-02   0.17255879268267258E-04
   587  -0.27715600480002933E-03   0.21855354876483459E-05
   588  -0.44611510285848363E-03   0.35178757522377333E-05
   589  -0.40443445220278472E-03   0.31891997012821394E-05
   590  -0.16211908972092455E-02   0.12784028405445151E-04
   591  -0.78111968873763923E-02   0.61595807785895745E-04
   592  -0.19351243825834470E-02   0.15259575610498448E-04
   593  -0.18352046944751396E-03   0.14471651046377882E-05
   594  -0.57770409287182325E-03   0.45555310888610843E-05
   595  -0.17752292828999102E-02   0.13998710218418720E-04
   596  -0.15535737295180024E-02   0.12250827908237431E-04
   597  -0.39162492251257099E-02   0.30881891468175292E-04
   598  -0.13816352795092196E-02   0.10894993729372813E-04
   599  -0.10394283595376067E-09   0.81964941307210789E-12
   600  -0.17011540483407566E-01   0.13414584126683081E-03
   601  -0.22233552628285769E-04   0.17532442900046651E-06
   602  -0.16633134496169459E-02   0.13116189107443215E-04
   603  -0.53261075247297302E-03   0.41999440043618654E-05
   604  -0.64562706806729964E-08   0.50911430552100679E-10
   605  -0.95570921349111184E-02   0.75363202159893931E-04
   606  -0.95954312393943600E-02   0.75665528185531501E-04
   607  -0.45429085508961247E-02   0.35823462898767947E-04
   608  -0.64432828504914301E-04   0.50809013995079498E-06
   609  -0.50729540042108801E-02   0.40003178034732162E-04
   610  -0.41792906661271322E-02   0.32956125452192892E-04
   611  -0.98822624998491150E-03   0.77927358663074546E-05
   612  -0.12271965521155881E-03   0.96771549903941569E-06
   613  -0.10286114588901132E-03   0.81111966093900136E-06
   614  -0.12732309288206236E-08   0.10040162690744067E-10
   615  -0.13737202277580831E-03   0.10832578965885503E-05
   616  -0.31715631564934204E-04   0.25009610868202417E-06
   617  -0.17259449794006635E-02   0.13610074964568273E-04
   618  -0.60538106205910427E-02   0.47737800075269308E-04
   619  -0.21711258168981354E-02   0.17120583493776346E-04
   620  -0.35661283514206631E-03   0.28120985764541249E-05
   621  -0.13488997323955396E-02   0.10636854996365199E-04
   622  -0.39917942175964912E-03   0.31477607451591003E-05
   623  -0.56103033234657881E-06   0.44240488380371687E-08
   624  -0.69194604933867906E-04   0.54563950272658725E-06
   625  -0.38652585432718344E-08   0.30479800433519777E-10
   626  -0.69248017047245070E-04   0.54606068815008298E-06
   627  -0.15883165119501717E-02   0.12524794853315663E-04
   628  -0.23342561979596737E-02   0.18406960951774513E-04
   629  -0.13056301096990606E-01   0.10295648981332111E-03
   630  -0.27099485639278343E-02   0.21369512670090731E-04
   631  -0.14308318784157234E-06   0.11282937381754955E-08
   632  -0.44627637450234917E-03   0.35191474724772922E-05
   633  -0.43210784695948837E-02   0.34074204334943652E-04
   634  -0.23721458759843723E-02   0.18705742989704003E-04
   635  -0.48855552269004044E-08   0.38525430228223474E-10
   636  -0.19002999879620805E-02   0.14984965106079534E-04
   637  -0.33248863192081134E-03   0.26218652734111891E-05
   638  -0.71520682374865189E-03   0.56398196944667790E-05
   639  -0.13092308868804517E-04   0.10324043193172199E-06
   640  -0.98799467608845729E-04   0.77909097721224175E-06
   641  -0.77485186370543412E-03   0.61101553510288812E-05
   642  -0.21181391873538228E-02   0.16702753256529546E-04
   643  -0.92498307032870617E-03   0.72940267959768889E-05
   644  -0.26446616655776800E-03   0.20854687695161170E-05
   645  -0.18854046756197598E-02   0.14867506948363498E-04
   646  -0.39867251457007474E-03   0.31437634886228102E-05
   647  -0.15591803232322006E-02   0.12295039144201982E-04
   648  -0.84562977355796744E-03   0.66682801292955319E-05
   649  -0.35163967653599856E-02   0.27728823428852115E-04
   650  -0.10213203482430451E-02   0.80537019825821423E-05
   651  -0.10924330513583484E-01   0.86144667994701363E-04
   652  -0.23353008246216815E-02   0.18415198437528463E-04
   653  -0.25452152198131924E-02   0.20070494920786319E-04
   654  -0.52099989800778062E-03   0.41083856977182581E-05
   655  -0.16519430006512569E-02   0.13026526537285525E-04
   656  -0.16086522880841155E-02   0.12685154216417586E-04
   657  -0.19296666588130799E-07   0.15216538300191837E-09
   658  -0.31821279962335543E-02   0.25092920743411649E-04
   659  -0.60436118888485390E-02   0.47657377173487580E-04
   660  -0.29050826786196842E-03   0.22908258088280693E-05
   661  -0.29064433378595721E-03   0.22918987673798844E-05
   662  -0.66411922350595844E-03   0.52369644022288999E-05
   663  -0.35630112092316737E-03   0.28096405294495154E-05
   664  -0.18880775573185879E-02   0.14888584167351735E-04
   665  -0.59639510407490288E-03   0.47029205286599329E-05
   666  -0.22392504005760891E-02   0.17657785259680215E-04
   667  -0.47597533324676704E-04   0.37533409489237482E-06
   668  -0.24616441809570036E-03   0.19411488916959624E-05
   669  -0.79597108829014299E-04   0.62766926585456332E-06
   670  -0.10507289797807504E-01   0.82856060609917131E-04
   671  -0.49847446411411601E-03   0.39307596160289911E-05
   672  -0.47390231246238028E-05   0.37369939803845715E-07
   673  -0.49514553893193142E-03   0.39045091145230254E-05
   674  -0.97018472980235366E-03   0.76504680390649849E-05
   675  -0.14785786871600027E-02   0.11659448599716378E-04
   676  -0.28953302566497239E-03   0.22831354597334329E-05
   677  -0.98931879770726151E-04   0.78013512373540543E-06
   678  -0.50779649702799162E-02   0.40042692402025710E-04
   679  -0.94613182612220862E-10   0.74607969741646475E-12
   680  -0.92351059900907075E-03   0.72824155075044288E-05
   681  -0.22086579511781616E-02   0.17416546092369018E-04
   682  -0.45548258780545754E-02   0.35917437919953225E-04
   683  -0.23240721190686372E-01   0.18326653596206194E-03
   684  -0.63485343661455560E-03   0.50061867365194258E-05
   685  -0.10173678949344915E-02   0.80225346009648849E-05
   686  -0.48942292956638696E-03   0.38593830280095102E-05
   687  -0.14767886164774935E-02   0.11645332856473342E-04
   688  -0.10109328415609999E-03   0.79717904811583364E-06
   689  -0.41637951134324941E-03   0.32833934051940564E-05
   690  -0.18124457508004205E-02   0.14292183604933211E-04
   691  -0.31762156542363496E-02   0.25046298505299482E-04
   692  -0.23735696907851958E-02   0.18716970593368171E-04
   693  -0.41763066613449513E-02   0.32932594847645922E-04
   694  -0.47619384560931086E-04   0.37550640453552105E-06
   695  -0.44235720081518418E-02   0.34882425199335555E-04
   696  -0.70574875961868823E-02   0.55652373854332666E-04
   697  -0.49650365978667866E-03   0.39152186834053844E-05
   698  -0.97183562580970407E-03   0.76634863094541992E-05
   699  -0.95549099183707702E-03   0.75345994119627558E-05
   700  -0.18383857541933615E-03   0.14496735543130961E-05
   701  -0.88812961513923348E-04   0.70034159747638891E-06
   702  -0.19854833520317988E-02   0.15656685227265300E-04
   703  -0.10107207285367536E-02   0.79701178472126368E-05
   704  -0.99147354844545733E-03   0.78183426938760268E-05
   705  -0.39278037236888927E-05   0.30973005375918470E-07
   706  -0.13553293831738904E-02   0.10687556513582587E-04
   707  -0.98403630863695742E-02   0.77596957540655213E-04
   708  -0.46575945266613070E-03   0.36727828186293403E-05
   709  -0.78311947132396319E-02   0.61753502215541807E-04
   710  -0.60394356045651845E-02   0.47624444755103341E-04
   711  -0.94657708954959060E-03   0.74643081339628889E-05
   712  -0.23303898209060297E-01   0.18376472331239427E-03
   713  -0.41827971519048721E-03   0.32983776121748887E-05
   714  -0.60508131078523012E-02   0.47714162952667816E-04
   715  -0.39460951783905530E-03   0.31117244081480823E-05
   716  -0.14744494150631504E-03   0.11626886899628595E-05
   717  -0.61691340314268435E-03   0.48647191907209383E-05
   718  -0.52105796370301865E-03   0.41088435793277477E-05
   719  -0.53988216035071529E-02   0.42572832634316358E-04
   720  -0.37983895243844817E-02   0.29952499522583420E-04
   721  -0.15922657809560143E-02   0.12555937124863293E-04
   722  -0.29552115238108754E-03   0.23303553042107243E-05
   723  -0.15907009532926317E-02   0.12543597553173895E-04
   724  -0.40027393203705641E-07   0.31563915920880540E-09
   725  -0.81288160147271988E-04   0.64100418410810535E-06
   726  -0.27228368274129677E-02   0.21471144086091421E-04
   727  -0.29515795120179988E-03   0.23274912527280165E-05
   728  -0.45571818400160407E-02   0.35936016043411340E-04
   729  -0.32470064056222972E-04   0.25604524546488480E-06
   730  -0.22297358346792450E-02   0.17582757401517354E-04
   731  -0.12382077347344097E-03   0.97639845374998551E-06
   732  -0.44564448008514187E-03   0.35141646193211795E-05
   733  -0.44206690890176764E-02   0.34859534002047333E-04
   734  -0.52714375248082250E-02   0.41568335456783559E-04
   735  -0.87779119655463280E-02   0.69218915613956467E-04
   736  -0.14502766747228585E-03   0.11436270853313689E-05
   737  -0.83909179203030728E-02   0.66167243614289825E-04
   738  -0.19008024951892972E-02   0.14988927666366382E-04
   739  -0.18065992321192881E-03   0.14246080421760135E-05
   740  -0.67812559985776574E-04   0.53474127852336987E-06
   741  -0.17977887549624168E-03   0.14176604710767148E-05
   742  -0.12577298400111297E-03   0.99179276350223599E-06
   743  -0.44428460820734216E-03   0.35034412426087368E-05
   744  -0.28373091271268716E-03   0.22373824414298507E-05
   745  -0.12472447000851929E-02   0.98352462389702437E-05
   746  -0.16267147688532450E-02   0.12827587330015038E-04
   747  -0.14493609176891785E-03   0.11429049579155780E-05
   748  -0.98860570535037580E-03   0.77957280914544409E-05
   749  -0.42263621379920533E-03   0.33327311248044049E-05
   750  -0.13777740982785333E-02   0.10864546080908567E-04
   751  -0.84272409089407325E-02   0.66453671399761507E-04
   752  -0.63567198816908352E-10   0.50126414892215408E-12
   753  -0.30905837866018526E-03   0.24371041673957036E-05
   754  -0.21971294273854244E-04   0.17325637010722367E-06
   755  -0.29648887766316824E-03   0.23379863780812248E-05
   756  -0.11161486803771971E-03   0.88014782584857677E-06
   757  -0.12569492284935713E-03   0.99117720614675951E-06
   758  -0.36833307498989313E-03   0.29045194501409759E-05
   759  -0.36771769246211542E-03   0.28996668027884229E-05
   760  -0.63448222699798997E-04   0.50032595338743088E-06
   761  -0.60276019560513675E-06   0.47531129588455717E-08
   762  -0.17895311363670313E-03   0.14111488609469972E-05
   763  -0.71375347980349524E-03   0.56283592364110694E-05
   764  -0.31534852701905005E-03   0.24867056273055866E-05
   765  -0.14512988712780451E-02   0.11444331464695080E-04
   766  -0.30903007150201662E-03   0.24368809490722305E-05
   767  -0.29660847856736246E-03   0.23389295004236757E-05
   768  -0.98465660394770946E-04   0.77645871415548481E-06
   769  -0.59269773925950253E-06   0.46737646674305505E-08
   770  -0.14728034237933185E-03   0.11613907305933077E-05
   771  -0.44550860492523372E-03   0.35130931650545349E-05
   772  -0.18988095277137275E-02   0.14973211964493968E-04
   773  -0.17985900965699763E-03   0.14182923753078046E-05
   774  -0.10445385252993121E-03   0.82367907449980476E-06
   775  -0.13508484224067143E-03   0.10652221544807550E-05
   776  -0.95241437327460963E-03   0.75103384941627557E-05
   777  -0.64383002618609306E-04   0.50769723400310803E-06
   778  -0.16259208634492185E-02   0.12821326926472318E-04
   779  -0.78247771357472084E-02   0.61702895903170755E-04
   780  -0.29500161799890116E-03   0.23262584749533496E-05
   781  -0.27820322228185425E-03   0.21937934035158570E-05
   782  -0.10471034095653248E-03   0.82570163417305676E-06
   783  -0.39293893818483203E-03   0.30985509208123759E-05
   784  -0.15271873611401264E-02   0.12042756123822663E-04
   785  -0.39527566031794633E-04   0.31169773270898780E-06
   786  -0.39641636742709681E-04   0.31259724627711699E-06
   787  -0.54703763153131542E-03   0.43137082945520331E-05
   788  -0.13520744414346629E-03   0.10661889414338455E-05
   789  -0.29493194334262874E-03   0.23257090499680135E-05
   790  -0.62923725716351156E-04   0.49618999114725924E-06
   791  -0.31564871927284487E-03   0.24890728169476046E-05
   792  -0.52749183239749354E-02   0.41595783572546777E-04
   793  -0.68442720719355188E-04   0.53971046058079009E-06
   794  -0.57917943824378618E-04   0.45671650408993568E-06
 Energy sum  -126.81377464076378      Core energy   0.0000000000000000     
 Energy check  -126.81377464076378     
